Index,File,CVcalc,OptTime,CrFinal,Cr1,T1,Cr2,T2...
0,random graphs/triangle/r1.5k24n16/graph0.lgbin,1433,207.5019829273224,855,1739,0,1629,0.5033209323883057,1521,0.8167779445648193,1452,1.189162015914917,1376,1.5464057922363281,1326,1.9091947078704834,1274,2.336740732192993,1250,3.024254083633423,1194,3.3262758255004883,1167,3.7311720848083496,1139,4.0722126960754395,1121,4.401203632354736,1111,4.836726665496826,1097,5.175373315811157,1078,5.560953378677368,1069,6.113551378250122,1063,6.454777240753174,1053,6.810161352157593,1050,7.142770051956177,1037,7.821789979934692,1033,8.15864109992981,1031,8.858083724975586,1026,9.16205906867981,1021,9.533129453659058,1019,10.033050060272217,1000,10.341744899749756,995,10.675943374633789,979,11.031981468200684,977,11.372588396072388,970,11.710908651351929,968,12.047680377960205,959,12.367238759994507,953,12.712671756744385,949,13.068191289901733,949,13.381786346435547,949,13.67268705368042,943,14.007766962051392,937,14.371346950531006,937,14.702364921569824,932,15.03874921798706,932,15.330517292022705,931,15.70408010482788,929,16.071991205215454,927,16.418879747390747,925,16.759923934936523,925,17.02973484992981,923,17.414849519729614,921,17.764967441558838,917,18.091018438339233,917,18.646793842315674,912,18.978784561157227,909,19.354055166244507,908,19.70476746559143,908,20.354466199874878,908,20.649093866348267,908,20.993408203125,908,21.29679274559021,908,21.918148279190063,907,22.24967312812805,907,22.583991765975952,907,22.871582746505737,907,23.48501992225647,907,23.785128831863403,907,24.080145120620728,907,24.35664415359497,907,24.696024179458618,907,24.97685194015503,907,25.368634939193726,907,25.655195236206055,907,25.973103046417236,907,26.260131359100342,907,26.62725520133972,907,26.96207571029663,907,27.345531940460205,907,27.677791357040405,907,27.971072912216187,907,28.745624542236328,907,29.079550981521606,907,29.380348205566406,907,30.162063121795654,907,30.49390935897827,907,30.81507158279419,907,31.128875017166138,907,31.41184401512146,907,31.76595377922058,907,32.081331968307495,907,32.410929918289185,907,33.0663001537323,907,33.410850048065186,907,33.738829374313354,907,34.072633504867554,907,34.40592384338379,907,34.68984603881836,907,35.05440640449524,907,35.691500663757324,907,35.985498905181885,907,36.283557415008545,907,36.62261366844177,907,37.044530391693115,907,37.6729199886322,907,38.000208139419556,907,38.291568994522095,907,38.61507201194763,907,38.90164518356323,907,39.240257263183594,906,39.55602192878723,905,39.85967206954956,905,40.194639682769775,905,40.50241684913635,905,40.84121775627136,905,41.12386512756348,905,41.676817893981934,905,42.063711166381836,905,42.740270376205444,905,43.045507192611694,905,43.32635426521301,905,43.890918016433716,905,44.229185581207275,905,44.60351347923279,905,44.90203094482422,905,45.25049448013306,905,45.57135272026062,905,45.902501583099365,905,46.25289750099182,905,46.574825048446655,905,46.897724628448486,905,47.264662981033325,905,47.91104507446289,905,48.23599886894226,905,48.534987926483154,905,48.870081663131714,905,49.22545790672302,905,49.55310320854187,905,49.86842679977417,905,50.179091691970825,905,50.828608751297,905,51.11328053474426,905,51.41495394706726,905,51.7286012172699,905,52.029438734054565,905,52.75007748603821,905,53.08558106422424,905,53.42569899559021,905,53.83261728286743,905,54.16767907142639,905,54.51643633842468,905,54.82828974723816,905,55.13854217529297,905,55.80289387702942,905,56.075071811676025,905,56.43098473548889,905,56.760475158691406,905,57.11961007118225,905,57.462427854537964,905,57.83799338340759,905,58.14982628822327,905,58.4710955619812,905,58.817784786224365,905,59.14104223251343,905,59.81549549102783,905,60.166757583618164,905,60.52770376205444,905,60.81390953063965,905,61.18038821220398,905,62.94212222099304,905,64.77162528038025,905,65.51865243911743,905,65.84784603118896,905,66.14483571052551,905,66.59556460380554,905,66.89333653450012,905,67.46473240852356,905,67.8054780960083,905,68.11499881744385,905,68.45158123970032,905,68.74467086791992,905,69.07663917541504,905,69.78052926063538,905,70.08453583717346,905,70.73693108558655,905,71.06535243988037,905,71.42266654968262,905,71.79464483261108,905,72.15818500518799,905,72.52459573745728,905,72.8310170173645,905,73.49641370773315,905,73.85367941856384,905,74.14205384254456,905,74.49011659622192,905,74.83999729156494,905,75.53426504135132,905,75.86314153671265,905,76.18631052970886,905,76.58389234542847,905,76.90549302101135,905,77.21296882629395,905,77.53849291801453,905,77.90246415138245,905,78.25460267066956,905,78.57065463066101,905,78.90826511383057,904,79.51132035255432,904,79.86413145065308,904,80.18927931785583,904,80.51034688949585,904,80.8433256149292,904,81.14940857887268,901,81.55484104156494,901,81.88261318206787,901,82.1751458644867,901,82.50168108940125,901,82.81284856796265,900,84.5751895904541,900,84.92510843276978,900,85.47871661186218,900,86.18242144584656,900,86.54025363922119,900,87.14449214935303,900,87.464350938797,900,87.8198184967041,900,88.15970253944397,900,88.47920608520508,899,88.89680480957031,899,89.21841335296631,899,89.5689628124237,898,90.3136625289917,898,90.63206243515015,898,90.93296909332275,898,91.3045802116394,898,91.62420392036438,898,91.9544107913971,898,92.31863808631897,898,92.63913631439209,898,92.93816232681274,898,93.2650957107544,898,93.80576395988464,898,94.11550283432007,898,94.41562867164612,898,94.93125772476196,898,95.28214287757874,898,95.58207058906555,898,95.94663095474243,898,96.36640000343323,898,96.71541118621826,898,97.06129002571106,898,97.39085602760315,898,97.98332810401917,898,98.33665060997009,898,98.71285343170166,898,99.05166387557983,898,99.35457587242126,898,100.1438627243042,898,100.44361543655396,898,100.7751362323761,898,101.12562608718872,893,101.5202784538269,893,102.07080435752869,890,102.46313714981079,890,102.80276203155518,890,103.10662841796875,889,103.48345375061035,889,103.85566449165344,889,104.1760139465332,887,104.808358669281,887,105.12193369865417,887,105.81596302986145,887,106.11151432991028,887,106.45212268829346,881,106.81072235107422,880,107.42336869239807,880,107.81438279151917,880,108.14205837249756,880,108.89742136001587,880,109.18763279914856,880,109.51016879081726,880,110.12530493736267,880,110.42428970336914,880,110.78598475456238,880,111.09007716178894,880,111.40940999984741,880,111.79984641075134,880,112.11088037490845,880,112.46898698806763,880,113.15646076202393,880,113.49683833122253,880,113.8552463054657,880,114.16954636573792,880,114.48245334625244,880,114.78244209289551,880,115.11524367332458,880,115.44659996032715,880,115.76390218734741,880,116.12099313735962,880,116.39449620246887,880,116.72429490089417,880,117.18807864189148,880,117.55988883972168,880,117.90079665184021,880,118.52998471260071,880,118.85045123100281,880,119.15033268928528,880,119.4800705909729,880,119.779470205307,880,120.11102104187012,880,120.39087963104248,880,120.70132374763489,880,121.0676372051239,880,121.36777973175049,880,121.65786790847778,880,122.35561299324036,880,122.65608739852905,880,122.97461676597595,880,123.26581597328186,880,123.61550664901733,880,123.9541540145874,880,124.2897789478302,880,124.67863631248474,880,124.98333382606506,880,125.30970931053162,880,125.62730121612549,880,125.9440929889679,880,126.24582862854004,880,126.58296632766724,880,126.91553950309753,880,127.22838473320007,880,127.55368852615356,880,128.01227021217346,880,128.35183358192444,880,128.73096799850464,880,129.0896556377411,880,129.3992202281952,880,130.00901055335999,880,130.3143630027771,880,130.65852570533752,880,131.00128889083862,880,131.30657243728638,880,131.59257054328918,880,131.91374158859253,880,132.23530292510986,880,132.86476755142212,880,133.184344291687,880,133.54386806488037,880,133.8368043899536,880,134.1586685180664,880,134.492990732193,880,134.8429663181305,880,135.20959401130676,880,135.87962341308594,880,136.1792755126953,880,136.87389302253723,880,137.20495986938477,880,137.53160548210144,880,137.93000102043152,880,138.24915289878845,880,138.7686903476715,880,139.0757577419281,880,139.3945803642273,880,139.71068716049194,880,140.05712890625,880,140.37780475616455,880,140.69970679283142,880,141.0696280002594,880,141.49518609046936,880,141.7960603237152,880,142.45043849945068,880,142.7533895969391,880,143.11217665672302,880,143.44973373413086,880,143.75880575180054,880,144.06108164787292,880,144.40095353126526,880,144.7557098865509,880,145.30593395233154,880,145.62727785110474,880,145.92899632453918,880,146.3036594390869,880,146.62992572784424,880,146.98733687400818,880,147.30452919006348,880,147.68541526794434,880,148.28653240203857,880,148.6042079925537,880,148.9393072128296,880,149.43183732032776,880,150.10654854774475,880,150.7196044921875,880,151.05856108665466,880,151.45804452896118,880,151.80391025543213,880,152.15437364578247,880,152.47330522537231,880,152.8270537853241,880,153.16649627685547,880,153.47729420661926,880,153.8301911354065,880,154.1853051185608,880,154.5260968208313,880,154.85791540145874,880,155.20198011398315,880,155.52033710479736,880,155.83494877815247,880,156.13362765312195,880,156.47785091400146,880,156.83851718902588,880,157.187668800354,880,157.5474488735199,880,157.8507640361786,880,158.18324065208435,880,158.51510047912598,880,159.12578129768372,880,159.44479703903198,880,159.92454195022583,880,160.26955008506775,880,160.57967925071716,880,162.36180877685547,880,162.71472024917603,880,163.05263113975525,880,163.39786458015442,880,163.73936247825623,880,164.06314826011658,880,164.38814306259155,880,164.82548666000366,880,165.20621919631958,880,165.6032395362854,880,166.4173882007599,880,166.78070878982544,880,167.14014792442322,880,167.5125756263733,880,167.84466457366943,880,168.20784425735474,880,168.5537474155426,880,169.06416177749634,880,169.3949477672577,880,169.7504599094391,880,170.055766582489,880,170.37920594215393,880,170.66551852226257,880,171.12438464164734,880,171.5287024974823,880,171.87744235992432,880,172.32588267326355,880,172.68485641479492,880,173.01150918006897,880,173.4258177280426,880,173.72893381118774,880,174.0735001564026,880,174.40571093559265,880,174.71807432174683,880,175.05150842666626,880,175.40328860282898,880,175.7447485923767,880,176.10030436515808,880,176.46370244026184,880,176.81653785705566,880,177.17230892181396,880,177.49242329597473,880,177.82985544204712,880,178.20802330970764,880,178.56246209144592,880,178.9329957962036,880,179.24618434906006,880,179.920889377594,880,180.2191882133484,880,180.55726027488708,880,181.12256836891174,880,181.47947549819946,878,181.85942578315735,878,183.80949544906616,878,184.11770725250244,878,184.43983006477356,878,184.79773235321045,878,185.1252474784851,878,185.44360756874084,878,185.81794834136963,878,186.1643226146698,878,186.50601625442505,878,186.83631587028503,878,187.207417011261,878,187.57780146598816,878,187.97602033615112,878,188.35004305839539,878,188.69535422325134,878,188.99547505378723,877,190.93652892112732,877,191.2386610507965,877,191.62645745277405,877,192.00882506370544,877,192.30996704101562,877,192.6871531009674,877,193.01387119293213,877,193.36623859405518,876,193.84079098701477,876,194.18667244911194,875,194.56036233901978,875,194.89013671875,875,195.2480823993683,874,195.60750198364258,874,195.96022033691406,874,196.31830167770386,874,196.64945459365845,874,196.9928057193756,874,197.34996891021729,874,197.68376278877258,874,198.05945706367493,874,198.38337326049805,874,198.76861810684204,874,199.38220930099487,874,199.64918398857117,874,200.27582716941833,874,200.6332449913025,874,200.9994773864746,874,201.33486127853394,874,201.63652992248535,874,201.97502422332764,874,202.31533694267273,874,202.90280723571777,874,203.27632451057434,874,203.9216628074646,874,204.47791075706482,874,204.81279635429382,874,205.20005989074707,874,205.507985830307,874,205.8521089553833,874,206.16804194450378,874,206.50067114830017,874,206.83507919311523,874,207.21316170692444,874,207.55606150627136,874,207.9758107662201,874,208.27738332748413,874,208.64819860458374,873,209.04600286483765,873,209.6848499774933,873,210.0003581047058,873,210.35749983787537,873,210.71802926063538,873,211.032479763031,873,211.31832575798035,873,211.61034750938416,873,211.94434547424316,873,212.2530472278595,873,212.5687918663025,873,212.88377046585083,873,213.2329843044281,873,213.54382920265198,873,213.8672378063202,873,214.52147459983826,873,214.85141706466675,873,215.25536584854126,873,215.59414529800415,873,215.94836807250977,873,216.70202541351318,873,217.03372740745544,873,217.38810348510742,873,218.01282143592834,873,218.37072086334229,873,219.1107337474823,873,219.4248456954956,873,219.72582411766052,873,220.0237352848053,873,220.45551228523254,873,220.78626203536987,873,221.09821701049805,873,221.8080644607544,873,222.51724672317505,873,222.81884217262268,873,223.17994046211243,873,223.4990153312683,873,223.82106351852417,873,224.47234749794006,873,224.8199713230133,873,225.16517758369446,873,225.68324065208435,873,226.06463289260864,873,226.3897340297699,873,226.70470929145813,873,227.348708152771,873,227.69119715690613,873,228.29558062553406,873,228.60313653945923,873,228.94126200675964,873,229.34860134124756,873,229.68454670906067,873,230.04222106933594,864,230.38980913162231,864,230.69722175598145,863,231.0862739086151,863,231.41440653800964,863,231.75924563407898,863,232.0648603439331,863,232.38033318519592,863,232.72047305107117,862,233.10989117622375,862,233.4167079925537,862,233.7148711681366,862,234.05274271965027,862,234.34553408622742,862,234.71599745750427,861,235.07154417037964,861,235.76293087005615,861,236.15125441551208,861,236.4761803150177,861,236.82178258895874,861,237.11083984375,860,237.9551079273224,860,238.29482197761536,860,238.59321665763855,860,238.91850996017456,860,239.5979073047638,860,239.93186020851135,860,240.2804582118988,859,240.62134170532227,859,240.96553421020508,859,241.28278422355652,859,241.5891351699829,859,241.9208469390869,859,242.38800144195557,859,242.6717963218689,859,242.962219953537,859,243.43540406227112,859,243.72158551216125,859,244.07636213302612,859,244.4306411743164,859,244.76459741592407,859,245.0913119316101,858,245.45254826545715,858,245.80937433242798,858,246.1656575202942,858,246.5108757019043,858,246.79928946495056,858,247.40668892860413,858,247.7580578327179,858,248.08514428138733,858,248.40710473060608,858,248.73496294021606,858,249.1062512397766,858,249.42608070373535,858,249.79381942749023,858,250.11588883399963,858,250.40805959701538,858,251.09303426742554,858,251.38562440872192,858,251.76604175567627,858,252.1704604625702,858,252.77483105659485,858,253.08427739143372,858,253.4596140384674,858,253.8364589214325,858,254.1938774585724,858,254.50258898735046,858,254.8125400543213,858,255.26923513412476,858,255.5666949748993,858,255.8797106742859,858,256.2133598327637,858,256.9557554721832,858,257.2767241001129,858,257.5753412246704,858,257.9002799987793,858,258.2254638671875,858,258.55502223968506,858,258.8444528579712,858,259.1907138824463,858,259.5123562812805,858,259.85786604881287,858,260.1867492198944,858,260.76939821243286,858,261.1029419898987,858,261.4463882446289,858,261.72357964515686,858,262.0212073326111,858,262.4011449813843,858,262.7701373100281,858,263.0842204093933,858,263.40458369255066,858,263.7188866138458,858,264.01654052734375,858,264.33866357803345,858,264.63710045814514,858,264.986691236496,858,265.4797351360321,858,265.8005964756012,858,266.39199352264404,858,266.7041919231415,858,267.06649589538574,858,267.37375497817993,858,267.67918944358826,858,267.98851323127747,858,268.33577942848206,858,268.67353439331055,858,269.41308403015137,858,269.7595536708832,858,270.20859456062317,858,270.5181577205658,858,270.80783867836,858,271.12736463546753,858,271.4749855995178,858,271.78669476509094,858,272.11525416374207,858,272.4814691543579,858,272.8426685333252,858,273.1840012073517,858,273.5259096622467,858,273.89538168907166,858,274.51022696495056,858,276.2877354621887,858,276.6319260597229,858,277.16831374168396,858,277.51363039016724,858,277.90480399131775,858,278.28512048721313,858,278.61634492874146,858,278.917929649353,858,279.2901270389557,858,279.6031928062439,858,279.94500494003296,858,280.2984104156494,858,280.67027735710144,858,280.99844193458557,858,281.3096089363098,858,281.64663314819336,858,281.9679706096649,858,282.598614692688,858,283.26159739494324,858,283.64540004730225,858,284.0156931877136,858,284.35241055488586,858,284.65554785728455,858,285.2711532115936,858,285.8591585159302,857,286.23499059677124,857,286.57003688812256,857,286.9738416671753,857,287.62790989875793,857,287.93595719337463,857,288.2541801929474,857,288.5804646015167,857,288.9991400241852,857,289.3383193016052,857,289.68155431747437,857,289.99046325683594,857,290.3320474624634,857,290.6479525566101,857,290.9910018444061,857,291.384845495224,857,291.73530173301697,857,292.09093284606934,857,292.3900511264801,857,292.7225797176361,857,293.0029761791229,857,293.30406618118286,857,293.67168140411377,857,293.96968841552734,857,294.2688047885895,857,294.58580446243286,857,294.88602328300476,857,295.21853971481323,857,295.5988211631775,857,295.93925380706787,857,296.2880971431732,857,296.60563826560974,857,296.9303524494171,857,297.2413663864136,857,297.5746660232544,857,298.2065529823303,857,298.5702953338623,856,298.9455075263977,856,299.25928139686584,856,299.6180295944214,855,299.9908401966095,855,300.13696002960205
1,random graphs/triangle/r1.5k24n16/graph1.lgbin,1433,205.25944185256958,758,1622,0,1493,0.6488263607025146,1389,1.037302017211914,1333,1.5384047031402588,1297,1.8709917068481445,1259,2.2112715244293213,1181,2.588780164718628,1134,2.943391799926758,1102,3.2857611179351807,1071,3.6140964031219482,1031,3.9649558067321777,1000,4.307807922363281,990,4.707355737686157,978,5.2174389362335205,969,5.583559036254883,964,5.956644773483276,958,6.330661058425903,949,6.654936075210571,947,6.988590478897095,921,7.373088836669922,919,7.6952550411224365,917,8.087769269943237,912,8.401944875717163,910,8.992732048034668,910,9.32565426826477,907,9.694774627685547,898,10.03437876701355,897,10.361876964569092,897,10.9848952293396,897,11.311528444290161,892,11.679588794708252,892,12.01554560661316,892,12.32720685005188,891,12.665714025497437,882,13.067774057388306,882,13.370837211608887,882,13.681196212768555,879,13.995415687561035,875,14.357086658477783,868,14.907796382904053,863,15.251179695129395,857,15.58931303024292,856,15.931131362915039,855,16.267879962921143,851,16.793285369873047,849,17.11617398262024,847,17.480913162231445,838,17.83629822731018,836,18.152790546417236,835,18.549822092056274,835,18.831196308135986,834,19.388076782226562,832,19.729105710983276,831,20.066150903701782,828,20.56996202468872,826,20.92416262626648,824,21.58931303024292,823,21.907113313674927,823,22.222343683242798,822,22.590691804885864,822,22.903913736343384,822,23.22600245475769,820,23.74133849143982,820,24.264384984970093,820,24.580695152282715,820,25.14554452896118,820,25.467937707901,820,25.775278568267822,820,26.087236166000366,820,26.443920135498047,820,26.71537971496582,820,27.053661346435547,820,27.380369663238525,820,27.724215030670166,820,28.046562433242798,820,28.363571643829346,820,28.699329614639282,820,29.000242710113525,820,29.27865195274353,820,29.611300230026245,820,29.9236843585968,820,30.644096851348877,820,30.953000783920288,820,31.26636552810669,820,31.61331844329834,820,31.94010639190674,820,32.30044722557068,820,32.60766625404358,820,33.11118841171265,820,33.671143531799316,820,34.27401638031006,820,34.56950092315674,820,34.89054989814758,820,35.21633982658386,819,35.6023313999176,819,35.935155630111694,819,36.56682801246643,819,36.869136095047,818,37.231950521469116,818,37.52736973762512,818,37.81924819946289,818,38.205878496170044,818,38.50817346572876,818,38.8610258102417,818,39.559784173965454,818,39.86592125892639,818,40.20425772666931,818,40.523517370224,818,40.842777252197266,818,41.13232398033142,818,41.47075438499451,818,42.121506452560425,818,42.43653964996338,818,42.73378777503967,818,43.092257499694824,818,43.41992259025574,818,43.74303913116455,818,44.08662009239197,818,44.37185883522034,818,44.72579002380371,818,45.00972628593445,818,45.3773877620697,818,45.69427037239075,818,46.00879788398743,818,46.306105613708496,818,46.616541147232056,818,46.947277545928955,818,47.382654428482056,818,47.68121528625488,818,47.98552060127258,818,48.26032280921936,818,48.56816267967224,818,48.86318874359131,818,49.14158773422241,818,49.47879481315613,818,49.79439878463745,818,50.10244393348694,818,50.43789792060852,818,51.066654443740845,818,51.38431358337402,818,51.6963210105896,818,52.00237798690796,818,52.30485486984253,818,52.91266846656799,818,53.21788954734802,818,53.741148948669434,818,54.05635929107666,818,54.384746074676514,818,54.66295075416565,818,54.97723650932312,818,55.2935266494751,818,55.61368703842163,818,55.95804142951965,818,56.24083495140076,818,56.563713788986206,818,56.87053823471069,818,57.153809785842896,818,57.43305063247681,818,57.728291749954224,818,58.041351318359375,818,58.37225008010864,812,58.718406438827515,812,59.21400713920593,812,59.829641342163086,812,60.14594626426697,812,60.50197696685791,812,60.84678769111633,812,61.142016887664795,812,61.464776039123535,812,61.77041506767273,812,62.08703017234802,812,62.698057889938354,812,63.02748727798462,812,63.35377049446106,812,63.62176299095154,812,63.94967079162598,812,64.2579174041748,812,64.59342360496521,812,64.91545796394348,812,65.2471375465393,812,65.60996150970459,812,65.94099736213684,812,66.5823404788971,812,67.11224818229675,812,67.50088310241699,812,67.79586243629456,805,68.14858198165894,805,68.43118095397949,804,70.34620833396912,804,70.73044419288635,804,71.06233477592468,803,71.34870862960815,802,71.7115228176117,802,72.01724767684937,802,72.33340549468994,802,72.67730331420898,802,72.96574401855469,802,73.3055145740509,802,73.6061487197876,802,73.90591239929199,802,74.20301961898804,802,74.52471661567688,802,74.86652421951294,802,75.16244292259216,802,75.45582938194275,800,75.83446645736694,800,76.15647006034851,800,76.50198101997375,800,76.84725284576416,800,77.21142721176147,800,77.54268550872803,800,77.86624431610107,800,78.16958451271057,800,78.75329422950745,800,79.07861661911011,800,79.4035234451294,800,79.75084328651428,800,80.33330798149109,800,80.96947073936462,800,81.2977728843689,799,81.62805843353271,799,81.90204095840454,799,82.2655017375946,799,82.56493186950684,799,82.95290017127991,798,83.32447409629822,798,83.67220520973206,798,84.03692555427551,798,84.40398859977722,798,84.71621465682983,797,85.05045914649963,797,85.35750484466553,797,85.66944289207458,797,85.97511744499207,797,86.30124044418335,797,86.61815524101257,797,86.95743608474731,797,87.27498173713684,797,87.87463808059692,795,88.23878693580627,794,88.82095146179199,794,89.11409068107605,793,89.44703435897827,793,90.04581809043884,793,90.38667583465576,793,90.67526340484619,793,90.99362587928772,793,91.35007309913635,793,91.62800741195679,793,91.99595475196838,793,92.29589700698853,792,92.67213296890259,792,93.00247883796692,792,93.2921290397644,792,93.61880993843079,791,93.98513126373291,791,94.32186603546143,790,94.6585705280304,788,95.24341607093811,788,95.97924852371216,788,96.2595362663269,782,96.59149813652039,782,96.94287347793579,782,97.2389018535614,782,97.52877593040466,782,97.83593034744263,782,98.13345623016357,782,98.52071619033813,782,98.85131764411926,782,99.18906712532043,782,99.47638320922852,782,99.78101539611816,778,100.36947345733643,777,100.73028898239136,775,101.03176021575928,773,101.3542308807373,773,101.66760087013245,773,101.99191212654114,773,102.28502225875854,773,102.64436650276184,772,102.96956014633179,772,103.56892085075378,772,103.9053008556366,772,104.20073962211609,772,104.5098524093628,772,104.86335134506226,770,105.22427272796631,770,105.79711580276489,770,106.10839915275574,770,106.44413709640503,770,106.76477122306824,770,107.05969500541687,770,107.38412165641785,770,107.68635296821594,770,108.01793813705444,770,108.30062437057495,770,108.58467030525208,770,108.93943095207214,770,109.25696229934692,770,109.56839632987976,770,109.89278793334961,770,110.2372567653656,770,110.5578260421753,770,110.89410901069641,770,111.20431327819824,770,113.13260841369629,770,113.45998525619507,770,113.76586532592773,770,114.07467675209045,770,114.38185691833496,770,114.78664660453796,770,115.11477851867676,770,115.42482280731201,770,115.77148079872131,770,116.07332396507263,770,116.64775466918945,769,117.01986813545227,769,117.31701445579529,769,117.92963171005249,769,118.64978790283203,769,118.95687007904053,769,119.26463460922241,769,119.59295344352722,769,119.89553713798523,769,120.26317429542542,769,120.55728030204773,769,120.85329174995422,769,121.19082927703857,769,121.530344247818,769,122.07636547088623,769,122.36726021766663,769,122.69777798652649,769,123.00047302246094,769,123.344402551651,769,123.70687913894653,769,124.02671003341675,769,124.31980514526367,769,124.6478853225708,769,124.96629285812378,769,125.50806450843811,769,125.8738706111908,769,126.22425961494446,769,126.56475710868835,769,126.8940372467041,769,127.20474457740784,768,127.56506371498108,768,127.93108367919922,768,128.25677847862244,768,128.58269786834717,768,129.16260600090027,768,129.50547981262207,768,129.89104866981506,768,130.18920183181763,768,130.52072095870972,768,130.850323677063,768,131.14915466308594,768,131.48647141456604,768,131.78418493270874,768,132.1404058933258,768,132.47493886947632,768,132.80386519432068,768,133.12554597854614,768,133.44276237487793,768,133.74412751197815,768,134.10618472099304,767,134.73584413528442,765,135.05708599090576,764,135.3812153339386,764,135.6715693473816,764,136.02495574951172,764,136.35414242744446,764,136.69764971733093,764,137.05047750473022,764,137.3583047389984,764,137.68198609352112,764,138.05483722686768,763,138.42339491844177,763,138.7578845024109,763,139.0663435459137,763,139.5823621749878,763,139.88239407539368,763,140.38008999824524,763,140.72120022773743,763,141.02009868621826,763,141.3976652622223,763,141.7063546180725,763,142.03026366233826,763,142.4015510082245,763,142.71289801597595,763,143.0025815963745,763,143.34078979492188,763,143.62772798538208,763,143.97894430160522,763,144.65196657180786,763,144.99737644195557,763,145.32711100578308,763,145.6873607635498,763,146.04097485542297,763,146.3558144569397,763,146.65998363494873,763,147.01561641693115,763,147.33223152160645,763,147.6580412387848,763,147.97983574867249,763,148.28001999855042,763,148.60595846176147,763,148.9697344303131,763,149.27696895599365,763,149.67398715019226,763,149.96991229057312,763,150.29955410957336,763,150.65374779701233,763,150.97814989089966,763,151.35439682006836,763,151.652352809906,763,151.97023153305054,763,152.33317494392395,763,152.63885378837585,763,152.96250438690186,763,153.32061743736267,763,153.7303981781006,763,154.03910064697266,763,154.3458387851715,763,154.94756150245667,763,155.2751922607422,763,155.5845296382904,763,155.90717458724976,763,156.28116154670715,763,156.59738159179688,763,156.92427039146423,763,157.5333273410797,763,158.1857807636261,763,158.53771805763245,763,158.8226821422577,763,159.1178388595581,763,159.5026776790619,763,159.80939364433289,763,160.10352540016174,763,160.42645645141602,763,160.72206902503967,763,161.30085802078247,763,161.72851634025574,763,162.06232476234436,763,162.34903264045715,763,162.6562795639038,763,162.97509098052979,763,163.32535791397095,763,163.6477882862091,763,163.97049021720886,763,164.32472205162048,763,164.9210548400879,763,165.2131860256195,763,165.54284596443176,763,165.86490201950073,763,166.20191597938538,763,166.54252886772156,763,166.84493231773376,763,167.18417692184448,763,167.49727511405945,763,167.81762742996216,763,168.0908796787262,763,168.41772174835205,763,168.78283786773682,763,169.09411334991455,763,169.39699006080627,763,169.76358556747437,763,170.2559187412262,763,170.5601363182068,763,170.87576723098755,763,171.25331664085388,763,171.5516800880432,763,171.8465235233307,763,172.15844750404358,763,172.4516944885254,763,172.77246141433716,763,173.07542085647583,763,173.36699604988098,763,173.64437747001648,763,174.2102665901184,763,174.49455404281616,763,174.7984185218811,763,175.12881183624268,763,175.41573810577393,763,175.70538210868835,763,176.34127402305603,763,176.64830374717712,763,176.9483563899994,763,178.75893712043762,763,179.07357001304626,763,179.40141701698303,763,180.02038621902466,763,180.38233089447021,763,180.695232629776,763,181.01683616638184,763,181.31766176223755,763,181.70896077156067,763,182.17669868469238,763,182.47456622123718,763,182.77800107002258,763,183.09804940223694,763,183.77024030685425,763,184.10765647888184,763,184.58277320861816,763,184.89892983436584,763,185.18282175064087,763,185.4724907875061,763,185.80576062202454,763,186.13131999969482,763,186.4534420967102,763,186.7525978088379,763,187.03082656860352,763,187.34694647789001,763,187.73166370391846,763,188.05130195617676,763,188.36311721801758,763,188.6517732143402,763,189.00024342536926,763,189.33195567131042,763,189.61954355239868,763,189.90456819534302,763,190.18430066108704,763,190.47693467140198,763,190.79097962379456,763,191.46383094787598,763,191.76437497138977,763,192.045245885849,763,192.3431499004364,763,192.6044487953186,763,192.9166920185089,763,193.46423244476318,763,193.82816863059998,763,194.30057072639465,763,194.57934856414795,763,194.92203044891357,763,195.47359776496887,763,195.77728867530823,763,196.06133270263672,763,196.3697304725647,763,196.70617985725403,763,198.50697445869446,763,198.830144405365,763,199.17128372192383,763,199.5317738056183,763,199.82450079917908,763,200.13611102104187,763,200.76370882987976,763,201.096834897995,763,201.4325876235962,763,201.73996877670288,763,202.00977063179016,763,202.3258981704712,763,202.6715805530548,763,203.23708367347717,763,203.70870423316956,763,204.02759528160095,763,204.3177227973938,763,204.87620043754578,763,205.21731543540955,763,205.53471851348877,763,205.83589887619019,763,206.1478590965271,763,206.43798899650574,763,206.74170112609863,763,207.32035064697266,763,207.6484718322754,763,207.9217529296875,763,208.44182777404785,763,208.76866626739502,763,209.11749410629272,763,209.44231343269348,763,209.75238060951233,763,210.0639772415161,762,210.45254755020142,762,210.73455572128296,762,211.0183882713318,762,211.35904049873352,762,211.70253777503967,762,212.31326913833618,762,212.66744685173035,762,213.02466106414795,762,213.34919428825378,762,213.6674244403839,762,213.97063159942627,762,214.29343819618225,762,214.597815990448,762,214.86648631095886,762,215.2000494003296,762,215.52954506874084,762,215.84271049499512,762,216.20382571220398,762,216.84792947769165,762,217.2002625465393,762,217.47016167640686,762,218.0373191833496,762,218.35932445526123,762,218.66977453231812,762,218.97935724258423,762,219.27568912506104,762,219.60220742225647,762,219.92084074020386,762,220.52514910697937,762,220.8744661808014,762,221.18339276313782,762,221.52502822875977,762,221.8448371887207,762,222.17066264152527,761,222.51902627944946,761,222.8812928199768,761,223.21156668663025,761,223.51453757286072,761,223.8525357246399,761,224.14515376091003,761,224.43797183036804,761,224.7316472530365,761,225.02246856689453,760,225.30188989639282,760,225.68304777145386,760,225.9709861278534,760,226.29863142967224,760,226.58060503005981,760,226.8644187450409,760,227.16417145729065,760,227.50297713279724,760,227.81008219718933,760,228.15072393417358,760,228.45152139663696,760,228.77760076522827,760,229.10423970222473,760,229.38987517356873,760,229.72210121154785,760,230.27289581298828,760,230.57811427116394,760,230.90839171409607,760,231.18851494789124,760,231.48299407958984,760,231.81904101371765,760,232.1703543663025,760,232.50849032402039,760,232.84059143066406,760,233.12280440330505,760,233.7015130519867,760,234.0391812324524,760,234.33480286598206,760,234.63554000854492,760,234.95888757705688,760,235.27117466926575,760,235.75610065460205,760,236.033944606781,760,236.35825419425964,760,236.93033242225647,760,237.22307896614075,760,237.5247151851654,760,237.8442075252533,760,238.19144415855408,760,238.74795508384705,760,239.05480074882507,760,239.37071776390076,760,239.68444848060608,760,239.9966950416565,760,240.31707525253296,760,240.64955019950867,760,240.93790292739868,760,241.2696282863617,760,241.60269021987915,760,241.90939784049988,760,242.2509789466858,760,242.56539702415466,760,242.8776137828827,760,243.17169737815857,760,243.5029776096344,760,243.7726743221283,760,244.3182315826416,760,244.85157537460327,760,245.44861960411072,760,245.77764105796814,760,246.10714745521545,760,246.79827737808228,760,247.13895678520203,760,247.4499900341034,760,247.75890183448792,760,248.3431420326233,760,248.65709948539734,760,248.9621889591217,760,249.27028846740723,760,249.5694227218628,760,249.89560985565186,760,250.21055388450623,760,250.69789624214172,760,251.06298780441284,760,251.3700475692749,760,251.68865084648132,760,251.99076414108276,760,252.30509448051453,760,252.59710550308228,760,252.8816158771515,760,253.15200996398926,760,253.46789288520813,760,254.05880665779114,760,254.38626527786255,760,254.93658590316772,759,255.28083968162537,759,255.6015841960907,759,255.87813925743103,759,256.177588224411,759,256.49263310432434,759,256.7967894077301,759,257.12277579307556,759,257.43292760849,759,257.71383690834045,759,258.03597807884216,759,258.3583490848541,759,258.68790674209595,759,258.99958300590515,759,259.3091380596161,759,259.8853235244751,759,260.24645161628723,759,260.5656261444092,759,261.0712773799896,759,261.38134479522705,759,261.66955161094666,759,261.96032643318176,759,262.26656556129456,759,262.56556272506714,759,262.8739082813263,759,263.2044758796692,759,263.5207748413086,759,263.8679904937744,759,264.1611692905426,759,264.4621443748474,759,264.7755091190338,759,265.0986485481262,759,265.3729844093323,759,265.7298331260681,759,266.0139832496643,759,266.32219219207764,759,266.6326332092285,759,267.1652536392212,759,267.76412415504456,759,268.08597469329834,759,268.40809535980225,759,268.7577819824219,759,269.05522441864014,759,269.4335587024689,759,269.7879071235657,759,270.14937925338745,759,270.43886065483093,759,270.8322627544403,759,271.20948553085327,759,271.732052564621,759,272.06330704689026,758,272.405335187912,758,272.8710789680481,758,273.4938087463379,758,273.80288577079773,758,274.13465213775635,758,274.51142263412476,758,274.80211782455444,758,275.10231351852417,758,275.3953881263733,758,275.7260265350342,758,276.34087467193604,758,276.6431550979614,758,277.00991916656494,758,277.30360555648804,758,278.030748128891,758,278.57677268981934,758,278.9369704723358,758,279.2294623851776,758,279.58300614356995,758,279.88206219673157,758,280.19394969940186,758,280.77373242378235,758,281.11788630485535,758,281.4603714942932,758,281.7835969924927,758,282.1351668834686,758,282.42552399635315,758,282.75089955329895,758,283.06448554992676,758,283.5416672229767,758,283.875675201416,758,284.19192028045654,758,284.4982039928436,758,284.8319480419159,758,285.4029121398926,758,285.7494969367981,758,286.12132024765015,758,286.44617915153503,758,287.0679380893707,758,287.36793398857117,758,287.6869056224823,758,287.95767426490784,758,289.8584203720093,758,290.46844244003296,758,291.010639667511,758,291.38657569885254,758,291.7317855358124,758,292.03904151916504,758,292.65302538871765,758,292.9805152416229,758,293.27765440940857,758,293.56106662750244,758,293.89008712768555,758,294.21388006210327,758,294.5165579319,758,294.8377089500427,758,295.1339943408966,758,295.42352843284607,758,295.74201679229736,758,296.0133023262024,758,296.3155701160431,758,296.63538646698,758,296.9486515522003,758,297.2547857761383,758,297.5308380126953,758,297.8640732765198,758,298.176212310791,758,298.7547152042389,758,299.34672570228577,758,299.6576523780823,758,299.9570906162262,758,300.127507686615
2,random graphs/triangle/r1.5k24n16/graph2.lgbin,1433,208.67609977722168,865,1672,0,1546,0.36469411849975586,1448,0.7175378799438477,1360,1.086970567703247,1303,1.7477800846099854,1241,2.1383674144744873,1189,2.4382503032684326,1172,2.820600986480713,1160,3.1420509815216064,1139,3.4779603481292725,1105,3.81734561920166,1085,4.188315391540527,1076,4.548301935195923,1054,4.863756418228149,1038,5.233442306518555,1023,5.582192897796631,1013,6.250796318054199,1011,6.855827569961548,1002,7.24173378944397,992,7.601855278015137,980,7.962733507156372,974,8.317765951156616,969,8.94796895980835,966,9.29102611541748,961,9.660958766937256,958,10.011927604675293,958,10.332424640655518,958,10.744544267654419,957,11.221910953521729,956,11.521010637283325,954,11.890128135681152,953,12.256901741027832,950,12.718081712722778,949,13.17987608909607,949,13.886956930160522,947,14.206286191940308,946,14.549409627914429,943,15.271817922592163,943,15.636711120605469,943,15.91507339477539,943,16.237235069274902,943,16.590681791305542,943,16.897692918777466,943,17.257546424865723,943,17.852314233779907,943,18.227097988128662,943,18.59234380722046,943,18.917883157730103,942,19.23263192176819,942,19.547799587249756,942,19.89483094215393,942,20.421883821487427,942,20.75381302833557,942,21.054518222808838,942,21.415090322494507,940,21.751866579055786,940,22.03404474258423,939,22.360326290130615,938,24.401496410369873,938,24.71884560585022,938,25.04015064239502,936,25.394354581832886,936,25.681535959243774,935,26.386369705200195,927,26.713889837265015,925,27.039661407470703,925,27.371265649795532,925,27.669963598251343,922,28.038838386535645,922,28.48952293395996,922,28.797370195388794,922,29.120453119277954,922,29.736473083496094,921,30.382238388061523,921,30.918222188949585,921,31.432327032089233,921,31.77308416366577,921,32.11883306503296,921,32.49943161010742,921,32.8494393825531,921,33.247366428375244,921,33.840763330459595,921,34.19460844993591,920,34.55252957344055,920,34.823681116104126,919,35.19592905044556,917,35.50829792022705,917,36.15989279747009,916,36.49853038787842,916,37.65213656425476,914,37.983667850494385,914,38.31554460525513,913,38.657909631729126,913,38.98667669296265,913,39.30882692337036,913,39.80903482437134,912,40.12337851524353,912,40.75467085838318,912,41.1234290599823,912,41.44021439552307,912,42.02932620048523,906,42.39472770690918,906,42.700310468673706,906,43.01445388793945,904,44.12321710586548,902,44.534098625183105,902,44.85272526741028,902,45.40796732902527,902,45.72078061103821,902,46.073450565338135,902,46.43592858314514,900,46.766926765441895,898,47.095168352127075,894,47.505924701690674,894,47.88694953918457,894,48.19798493385315,894,48.64348578453064,894,49.38869571685791,891,49.72818160057068,891,50.05793023109436,891,50.37343192100525,891,50.695175886154175,891,50.99387860298157,891,51.33262324333191,891,51.66984796524048,891,52.000539779663086,891,52.37126588821411,891,52.7226779460907,890,53.08993673324585,890,53.41784977912903,889,53.8339056968689,889,54.163952350616455,889,54.49898338317871,889,54.930999755859375,889,55.219155073165894,889,55.5474112033844,889,55.87183976173401,889,56.45540904998779,889,56.78369212150574,889,57.104395627975464,889,57.649943590164185,889,57.99171543121338,889,58.31756806373596,889,58.848753452301025,889,59.19825077056885,889,59.52348709106445,889,59.83326721191406,889,60.14892888069153,888,60.47539162635803,888,60.79879331588745,888,61.15839219093323,888,61.444363594055176,888,61.73283910751343,888,62.046509981155396,888,62.35985350608826,888,62.713176250457764,888,63.07620096206665,888,63.68595337867737,887,64.03280997276306,887,64.39454388618469,887,64.7613480091095,887,65.06511163711548,886,65.37547731399536,886,65.6901388168335,886,66.03515577316284,886,66.35178709030151,885,66.70991134643555,885,67.0287766456604,885,67.31372022628784,885,67.65661358833313,885,68.01703953742981,884,68.39283108711243,884,68.75557112693787,884,69.04779267311096,884,69.36818194389343,884,69.68866157531738,884,70.0577666759491,884,70.60274267196655,884,70.98046088218689,883,71.3110728263855,883,71.59501910209656,883,71.94616508483887,883,72.26763367652893,883,72.57840847969055,883,72.88680577278137,883,73.22664856910706,883,73.50591373443604,883,73.87419271469116,883,74.17741298675537,883,74.50613164901733,883,74.7880163192749,883,75.11507177352905,883,75.42250061035156,883,75.72938513755798,883,76.06714367866516,883,76.39605259895325,883,76.73290777206421,883,77.04528427124023,883,77.86034440994263,883,78.19979667663574,883,78.4979977607727,883,78.80389285087585,883,79.17703485488892,883,79.81169056892395,883,80.13403964042664,883,80.47278833389282,883,80.80481481552124,883,81.10897755622864,883,81.38926076889038,883,83.17693638801575,883,83.48263812065125,883,83.74662566184998,883,84.07619285583496,882,84.46009945869446,882,84.75123906135559,882,85.03493738174438,882,85.33602023124695,882,85.64951658248901,881,86.37291526794434,881,86.66186666488647,881,86.9487247467041,881,87.27718949317932,881,87.5581796169281,881,87.87090754508972,880,88.23803615570068,880,88.62488174438477,880,88.94759273529053,880,89.22633647918701,880,89.51169896125793,880,89.80244493484497,880,90.14445376396179,880,90.43697595596313,880,90.75190043449402,880,91.45325088500977,880,92.05886697769165,880,92.66407680511475,880,93.24979043006897,880,93.58373713493347,880,94.04416942596436,880,94.3206934928894,880,94.63329076766968,880,94.94910931587219,880,95.27776622772217,880,95.84588170051575,880,96.1901285648346,880,96.51439905166626,880,97.11307764053345,880,97.43059229850769,880,97.73122549057007,880,98.02778911590576,880,98.337651014328,880,98.68102979660034,880,99.04157376289368,880,99.36430644989014,880,99.66367888450623,880,100.01206707954407,880,100.31935405731201,880,100.5937008857727,880,100.90988278388977,880,101.27408623695374,880,101.57805180549622,880,102.2165277004242,880,102.48841619491577,880,102.8129940032959,880,103.08607935905457,880,103.3951108455658,880,103.66755366325378,880,103.98017191886902,880,104.31706738471985,880,104.62525629997253,880,104.91633033752441,880,105.17389106750488,880,105.44175267219543,880,106.09985637664795,880,106.66020131111145,880,106.92348742485046,880,107.19814562797546,880,107.53225207328796,880,107.82323980331421,880,108.14729452133179,880,108.4974262714386,880,109.05451226234436,880,109.6618480682373,880,109.96375560760498,880,110.27020335197449,880,110.56532406806946,880,112.45583987236023,880,113.0705258846283,880,113.41086745262146,880,113.68410992622375,880,113.98576974868774,880,114.31429529190063,880,114.64969277381897,880,114.9965763092041,880,115.34319615364075,880,115.63447761535645,880,115.90063738822937,880,116.20131373405457,879,116.81071591377258,879,117.14724445343018,879,117.47382712364197,879,117.80675435066223,879,118.10271835327148,879,118.48473882675171,879,118.79717350006104,879,119.40972018241882,879,119.73767232894897,879,120.03447699546814,879,120.35619354248047,879,120.71703696250916,879,121.01617455482483,879,121.33233189582825,879,121.60995984077454,879,121.90807104110718,879,122.19630265235901,879,122.77647662162781,879,123.13130855560303,879,123.47496771812439,879,123.78033590316772,879,124.09596061706543,879,124.40483784675598,879,124.71155214309692,879,124.9961564540863,879,125.28724384307861,879,125.6033980846405,879,125.93361020088196,879,126.27999329566956,879,126.87115502357483,879,127.27145409584045,879,127.57886171340942,879,127.87652325630188,879,128.1852777004242,879,128.85322761535645,879,129.13426780700684,879,129.48404121398926,879,129.8041365146637,879,130.1168975830078,879,130.3917784690857,879,130.8182351589203,879,131.1537504196167,879,131.44493460655212,878,131.76974534988403,878,132.0920615196228,878,132.46438670158386,878,132.79691410064697,878,133.1251060962677,878,133.84377455711365,878,134.17208576202393,878,134.48956513404846,878,134.84239649772644,878,135.19024682044983,878,135.51128959655762,878,135.84141731262207,877,136.30397844314575,876,136.77609634399414,876,137.08206295967102,876,137.77828311920166,876,138.14817261695862,876,138.50241541862488,876,138.84569811820984,875,139.18918371200562,875,139.5262966156006,875,139.83589959144592,875,140.19293308258057,875,140.72369527816772,875,141.39568424224854,875,141.71517777442932,875,142.04488325119019,875,142.79494285583496,875,143.11595058441162,875,143.55523252487183,875,143.93662405014038,875,144.2643826007843,875,144.6012260913849,875,144.8943920135498,875,145.20462465286255,875,145.5185363292694,875,145.87906002998352,875,146.25522756576538,875,146.6142702102661,875,146.92724204063416,875,147.268541097641,875,147.59536576271057,875,148.11189317703247,875,148.4557979106903,875,148.75135850906372,875,149.10651516914368,875,149.51155972480774,875,149.86446261405945,875,150.2155725955963,875,150.82632851600647,875,151.44458293914795,875,151.79793167114258,875,152.10819363594055,875,152.4038918018341,875,152.73685312271118,875,153.097092628479,875,153.4468674659729,875,153.77034068107605,875,154.1111671924591,875,154.40624380111694,875,154.73929858207703,875,155.38783311843872,875,156.18111038208008,875,156.51662015914917,875,156.8634011745453,875,157.1802363395691,875,158.1692817211151,875,158.54102230072021,875,158.81694555282593,875,159.13441920280457,875,159.47607445716858,875,159.79724383354187,875,160.105215549469,875,160.3999469280243,875,160.98743152618408,875,161.32473230361938,873,161.645667552948,871,162.06488180160522,871,162.54022216796875,871,162.83584213256836,871,163.1651895046234,869,163.52920174598694,869,163.87634921073914,865,164.1766996383667,865,164.49120211601257,865,164.83969163894653,865,165.12864899635315,865,165.4434425830841,865,165.74619579315186,865,166.320086479187,865,166.65516591072083,865,167.15077900886536,865,167.74517631530762,865,168.0450303554535,865,168.3918788433075,865,168.72133016586304,865,169.05549263954163,865,169.37815618515015,865,169.70264387130737,865,170.31766557693481,865,170.9032497406006,865,171.19983768463135,865,171.5028738975525,865,171.80109882354736,865,172.13361477851868,865,172.777592420578,865,173.1424572467804,865,173.75580883026123,865,174.0690152645111,865,174.688720703125,865,175.04630827903748,865,175.34569716453552,865,175.63299703598022,865,175.97132086753845,865,176.31182885169983,865,176.64532232284546,865,176.97860431671143,865,177.57720732688904,865,177.89465928077698,865,178.25850629806519,865,179.0130980014801,865,179.31792569160461,865,179.6591818332672,865,179.93814635276794,865,180.24193572998047,865,180.57333397865295,865,181.16431760787964,865,181.8567795753479,865,182.20268177986145,865,182.57364988327026,865,182.89130067825317,865,183.2056384086609,865,183.5139615535736,865,184.08855938911438,865,184.4133641719818,865,184.74276852607727,865,185.08298993110657,865,185.4310178756714,865,185.74751496315002,865,186.09456777572632,865,186.7375831604004,865,187.2965486049652,865,187.57312631607056,865,187.9825737476349,865,188.32924938201904,865,188.6490797996521,865,188.9681613445282,865,189.31781792640686,865,189.63454365730286,865,189.95437598228455,865,190.2653546333313,865,190.6089153289795,865,190.90264630317688,865,191.19447112083435,865,191.51354312896729,865,191.82095313072205,865,192.18230557441711,865,192.83200216293335,865,193.1570634841919,865,193.46833157539368,865,194.1418068408966,865,194.47560954093933,865,194.9895167350769,865,195.3093183040619,865,195.73902082443237,865,196.0496289730072,865,196.31464099884033,865,196.7043194770813,865,197.01446795463562,865,197.400128364563,865,197.68313121795654,865,197.95434474945068,865,198.60671591758728,865,198.94022750854492,865,199.25587105751038,865,199.56326484680176,865,199.84840631484985,865,200.42236185073853,865,200.71379470825195,865,200.97772574424744,865,201.28385043144226,865,201.5709457397461,865,201.84894919395447,865,202.13320302963257,865,202.42943167686462,865,202.75927686691284,865,203.1273455619812,865,203.41208052635193,865,203.75857400894165,865,204.06396889686584,865,204.41864252090454,865,204.74222040176392,865,205.07389187812805,865,205.35164141654968,865,205.6532392501831,865,205.97924208641052,865,206.29865550994873,865,206.58050632476807,865,206.90320873260498,865,207.19729709625244,865,207.530832529068,865,207.84470105171204,865,208.16304230690002,865,208.50341892242432,865,208.84814405441284,865,209.44027853012085,865,209.85237908363342,865,210.19425439834595,865,210.50860023498535,865,210.82931470870972,865,211.13888430595398,865,211.48152995109558,865,211.83067631721497,865,212.14488005638123,865,212.67218446731567,865,213.01850008964539,865,213.3264675140381,865,213.6776282787323,865,214.04618620872498,865,214.39419889450073,865,214.70179653167725,865,215.0143711566925,865,215.53965091705322,865,215.8762059211731,865,216.21681356430054,865,216.5091691017151,865,216.87632870674133,865,217.207417011261,865,217.5149257183075,865,217.84990406036377,865,218.20452737808228,865,218.53232860565186,865,218.87044191360474,865,219.18937277793884,865,219.49153089523315,865,219.84164571762085,865,220.19033980369568,865,220.5378499031067,865,220.84620118141174,865,221.22400760650635,865,221.52089500427246,865,221.84942770004272,865,222.18968677520752,865,222.55819582939148,865,222.8349814414978,865,223.20937657356262,865,223.4922342300415,865,223.80105781555176,865,224.13886904716492,865,224.4683096408844,865,224.7894058227539,865,225.14457201957703,865,225.48252701759338,865,225.82018303871155,865,226.15735387802124,865,226.47427773475647,865,226.813551902771,865,227.1274688243866,865,227.397558927536,865,227.73948431015015,865,228.0785744190216,865,228.36444664001465,865,228.6572663784027,865,229.0173532962799,865,229.33492255210876,865,229.70577907562256,865,230.01471853256226,865,230.2820041179657,865,230.63999605178833,865,230.9887671470642,865,231.26547360420227,865,231.59514808654785,865,231.91137146949768,865,232.20790648460388,865,232.5465385913849,865,232.85504293441772,865,233.17049312591553,865,233.44550323486328,865,233.77047848701477,865,234.11412072181702,865,234.4410536289215,865,234.75572848320007,865,235.0974943637848,865,235.41984844207764,865,235.75799465179443,865,236.06412601470947,865,236.76802825927734,865,237.43375849723816,865,237.76635217666626,865,238.09966397285461,865,238.4295768737793,865,238.73535633087158,865,239.10364437103271,865,239.46094179153442,865,239.773859500885,865,240.0825023651123,865,240.3791584968567,865,240.68615651130676,865,241.00470113754272,865,241.32995128631592,865,241.67090559005737,865,242.00578474998474,865,242.35315322875977,865,242.69790172576904,865,242.97633266448975,865,243.2838430404663,865,243.62494730949402,865,243.9355206489563,865,244.5141842365265,865,244.82747292518616,865,245.17335391044617,865,245.91460061073303,865,246.22798442840576,865,246.55986618995667,865,246.88110446929932,865,247.23298954963684,865,247.53730034828186,865,247.8705837726593,865,248.1918807029724,865,248.55741381645203,865,248.89974808692932,865,249.23396944999695,865,249.57004642486572,865,249.87274861335754,865,250.1949005126953,865,250.50457859039307,865,250.86132073402405,865,251.43617343902588,865,251.75627303123474,865,252.0722849369049,865,252.3722472190857,865,252.72435307502747,865,253.02604866027832,865,253.334002494812,865,253.70921230316162,865,254.02848887443542,865,254.3642601966858,865,254.6379816532135,865,254.94802904129028,865,255.23153066635132,865,255.85053825378418,865,256.1937327384949,865,256.51766204833984,865,256.86169958114624,865,257.169860124588,865,257.857204914093,865,258.1887390613556,865,258.46446228027344,865,258.74660634994507,865,259.0962584018707,865,259.3914906978607,865,259.67239570617676,865,260.0114438533783,865,260.30761194229126,865,260.9993414878845,865,261.3578591346741,865,261.64375400543213,865,261.99160528182983,865,262.3037621974945,865,262.58277440071106,865,262.8968508243561,865,263.17860651016235,865,263.48229146003723,865,263.81028008461,865,264.1040732860565,865,264.41273856163025,865,264.79126954078674,865,265.1231760978699,865,265.4338414669037,865,265.7566797733307,865,266.31349325180054,865,266.794926404953,865,267.4385528564453,865,267.760470867157,865,268.16115832328796,865,268.47444558143616,865,268.7804968357086,865,269.08490920066833,865,269.44799423217773,865,270.10989594459534,865,270.47679591178894,865,272.20445799827576,865,272.5400490760803,865,272.90212774276733,865,273.24261474609375,865,273.5468339920044,865,274.16232657432556,865,274.500529050827,865,274.81878566741943,865,275.13427662849426,865,275.42074966430664,865,275.74922823905945,865,276.1267297267914,865,276.42418575286865,865,276.75115633010864,865,277.07952094078064,865,277.41746973991394,865,278.0750651359558,865,278.40745186805725,865,278.7179729938507,865,279.3755786418915,865,279.7146227359772,865,280.04930543899536,865,280.39825534820557,865,280.75481724739075,865,281.0744607448578,865,281.81044721603394,865,282.13971495628357,865,282.45336866378784,865,283.1389970779419,865,283.4624271392822,865,283.9551818370819,865,284.3974678516388,865,284.6899037361145,865,284.9729645252228,865,285.3025772571564,865,285.6684641838074,865,285.98469638824463,865,286.30683183670044,865,286.60709381103516,865,286.88610672950745,865,287.2059154510498,865,287.5448672771454,865,287.8814206123352,865,288.18941712379456,865,288.5207726955414,865,288.80408120155334,865,289.1183125972748,865,289.44111037254333,865,289.770126581192,865,290.09251952171326,865,290.44329953193665,865,290.75939178466797,865,291.11715030670166,865,291.4577841758728,865,291.8333828449249,865,292.1528513431549,865,292.4479179382324,865,292.77087593078613,865,293.1594166755676,865,293.5273425579071,865,293.8389139175415,865,294.16101837158203,865,296.34973764419556,865,296.66469621658325,865,296.99489402770996,865,297.33097529411316,865,297.65984082221985,865,298.01327300071716,865,298.327595949173,865,298.65967750549316,865,298.9673626422882,865,299.2907974720001,865,299.6069657802582,865,299.91848278045654,865,300.12647891044617
3,random graphs/triangle/r1.5k24n16/graph3.lgbin,1433,208.2990391254425,764,1682,0,1540,0.4527781009674072,1478,0.8042795658111572,1394,1.1593749523162842,1318,1.537022590637207,1256,1.8809430599212646,1213,2.5616455078125,1175,3.0229241847991943,1152,3.3589351177215576,1106,3.7481915950775146,1095,4.069049596786499,1085,4.374049186706543,1075,5.027192115783691,1057,5.373344898223877,1040,5.713397741317749,1028,6.04856014251709,1021,6.369556188583374,1014,6.6836018562316895,982,7.042758226394653,963,7.3736584186553955,953,7.698759078979492,949,9.807674407958984,932,10.1412034034729,925,10.47366213798523,922,10.816133260726929,919,11.552097797393799,916,11.96191120147705,914,12.299774408340454,911,12.970350980758667,911,13.30764365196228,911,13.61952805519104,903,13.985677003860474,901,14.310471057891846,896,14.631394147872925,896,14.970584869384766,896,15.25311541557312,894,15.590149402618408,894,15.890899658203125,894,16.148734092712402,893,16.489444971084595,868,16.819437503814697,861,17.12092685699463,861,17.433652877807617,861,17.731685638427734,861,18.07137966156006,858,18.376638650894165,858,18.668863773345947,857,18.944990158081055,857,19.281484365463257,851,19.737319946289062,849,20.014974117279053,845,20.303998231887817,845,20.707848072052002,844,21.032033920288086,842,21.372340202331543,842,21.685229063034058,842,22.040563344955444,842,22.342095375061035,842,22.65852427482605,842,22.958847522735596,842,23.250699758529663,842,23.56547999382019,842,23.861531019210815,841,24.2127685546875,841,24.505138635635376,841,24.799911737442017,841,25.13392424583435,841,25.41951060295105,841,25.733144283294678,841,26.037506818771362,841,26.373225927352905,841,26.762982606887817,841,27.053162574768066,836,28.7455735206604,836,29.035828113555908,836,29.32512593269348,834,30.09322762489319,833,30.41493535041809,833,31.10072946548462,833,31.3937087059021,833,31.694878101348877,833,31.974453449249268,833,32.29067897796631,833,32.58278560638428,833,32.91207528114319,833,33.508549451828,831,33.84026646614075,831,34.14190053939819,831,34.48112368583679,831,34.77418875694275,830,35.116703033447266,830,35.65984749794006,826,36.23274874687195,825,36.55526947975159,825,36.85261869430542,825,37.17611074447632,823,37.46442365646362,823,37.76237607002258,819,38.08125185966492,816,38.415170192718506,816,38.690250396728516,812,39.063868045806885,812,39.35969161987305,812,39.68518376350403,812,39.989463090896606,812,40.318726539611816,812,40.63777470588684,812,40.952550172805786,812,41.25212025642395,812,41.524855613708496,812,41.810471296310425,812,42.13426613807678,812,42.452717304229736,812,43.044421672821045,812,43.36699032783508,812,43.64472818374634,812,43.91516089439392,812,44.43408441543579,812,45.11412525177002,812,45.4326696395874,812,45.68907046318054,811,46.02559304237366,811,46.3494348526001,811,46.90371489524841,811,47.2042293548584,811,47.52905035018921,811,47.865013122558594,811,48.184104442596436,811,48.452312707901,811,48.746734857559204,811,49.07469129562378,811,49.605432987213135,811,49.892629861831665,810,50.25699257850647,810,50.867268800735474,809,51.151670932769775,808,51.473564863204956,808,51.777305603027344,805,52.09612703323364,805,52.35107898712158,805,52.6522159576416,805,52.94375801086426,805,53.24271059036255,805,53.54590702056885,805,53.81533241271973,805,54.13066482543945,805,54.39751434326172,805,54.663437843322754,805,54.98476195335388,805,55.276705503463745,805,55.55876541137695,805,56.25608539581299,805,56.59671354293823,804,56.94918489456177,804,57.24462270736694,804,57.531781911849976,804,57.85935020446777,804,58.39383554458618,804,58.68911957740784,804,58.99159622192383,803,59.36482357978821,800,59.70410084724426,800,60.054137229919434,800,60.371559619903564,799,61.0367636680603,799,61.340956687927246,799,61.644850969314575,799,61.92986583709717,799,62.24749517440796,799,62.56081986427307,799,62.9061815738678,799,63.237820625305176,799,63.54933023452759,799,63.834694623947144,799,64.12995910644531,799,64.64822602272034,799,64.98706150054932,799,65.29277682304382,799,65.5812337398529,799,65.92120313644409,799,66.19136691093445,799,66.52282762527466,799,66.95480608940125,799,67.29533195495605,799,67.57355761528015,799,67.83161854743958,799,68.1013855934143,799,68.40105676651001,798,68.74863195419312,798,69.08495306968689,798,69.39004111289978,798,69.73959732055664,798,70.05180668830872,798,70.69155931472778,798,71.2082462310791,798,71.53946661949158,798,72.06111860275269,798,72.54766774177551,798,72.8494565486908,798,73.18217396736145,798,73.80520820617676,798,74.0989818572998,798,74.3746497631073,798,74.65352058410645,798,74.94739484786987,798,75.2426974773407,798,75.59240913391113,798,76.20151853561401,798,76.49161410331726,798,76.77990293502808,798,77.09387111663818,798,77.3832757472992,798,77.66461825370789,798,77.96029734611511,798,78.51863312721252,798,78.84074687957764,798,79.13204216957092,798,79.4347894191742,798,79.71695470809937,798,80.03686928749084,798,80.33480429649353,798,80.67687249183655,798,80.98509311676025,798,81.3025107383728,798,81.63325214385986,798,81.97744035720825,798,82.30538535118103,798,82.57291412353516,798,82.87805128097534,798,83.14456176757812,798,83.52615690231323,798,84.13454985618591,798,84.4368064403534,798,84.71839165687561,798,85.03737616539001,798,85.35330009460449,798,85.88704466819763,798,86.48455023765564,798,87.0961697101593,798,87.60157704353333,798,88.06224060058594,798,88.37347316741943,798,88.95813131332397,798,89.24885320663452,798,89.55150318145752,798,89.87300539016724,798,90.17379689216614,798,90.47031497955322,798,90.77380537986755,798,91.10660314559937,798,91.39035725593567,798,91.72579073905945,798,92.04288387298584,798,92.33724427223206,798,92.62368083000183,798,92.89028096199036,798,93.22456192970276,798,93.53629398345947,798,93.88177728652954,798,94.25467276573181,798,94.53624987602234,798,94.80332493782043,798,95.09559440612793,798,95.81228137016296,798,96.20760893821716,798,96.53706312179565,798,97.11011505126953,798,97.38872408866882,798,97.67891240119934,798,97.99833154678345,798,98.29008173942566,798,98.64488410949707,798,99.278888463974,798,99.6236960887909,798,101.39605617523193,798,101.75268578529358,798,102.07588982582092,798,102.71535348892212,798,103.02594113349915,798,103.33256387710571,798,103.62273716926575,798,103.92586374282837,798,104.23000264167786,798,104.52533459663391,798,104.82318830490112,798,105.11320662498474,798,105.44236445426941,798,106.0255298614502,798,106.34169435501099,798,106.63532972335815,798,106.91847038269043,798,107.22785234451294,798,107.84720587730408,798,108.12938618659973,798,108.45438385009766,798,108.87853527069092,798,109.49361062049866,798,109.78841257095337,798,110.29481172561646,798,110.76747131347656,798,111.07721138000488,798,111.3972053527832,798,111.73629665374756,798,112.05862283706665,798,112.35825896263123,798,112.67594480514526,798,113.00541114807129,798,113.63037991523743,798,114.151540517807,798,114.52841806411743,798,115.10442185401917,798,115.84757351875305,798,116.48812770843506,798,116.77838063240051,798,117.11007523536682,798,117.43968057632446,798,117.7319929599762,798,118.23970317840576,798,118.59029984474182,798,118.88310480117798,798,119.16540789604187,798,119.63866329193115,798,119.96729707717896,798,120.29082703590393,798,120.6133975982666,798,120.9353358745575,798,121.23626399040222,798,121.53846645355225,798,121.88247489929199,798,122.1608681678772,798,122.4445788860321,798,122.76679277420044,798,123.05241775512695,798,123.3272979259491,798,123.63088607788086,798,123.9208071231842,798,124.20750975608826,798,124.8094482421875,798,125.16042709350586,798,125.48707437515259,798,125.77456164360046,798,126.36937427520752,798,126.70824599266052,798,127.04459595680237,798,127.60225796699524,798,127.90927171707153,798,128.24036693572998,798,128.6422894001007,798,128.93471550941467,798,129.2239375114441,798,129.79466652870178,798,130.07979202270508,798,130.35752701759338,798,130.86610317230225,798,131.1504008769989,798,131.69223523139954,798,131.96093678474426,798,132.2321376800537,798,132.52612686157227,798,132.8228657245636,798,133.1123161315918,798,133.37785243988037,798,133.67524814605713,798,134.00762033462524,798,134.53678965568542,798,134.85832738876343,798,135.13153433799744,798,135.44605040550232,798,135.75746726989746,798,136.05979776382446,798,136.33776569366455,798,136.63006281852722,798,136.96587872505188,798,137.2668890953064,797,137.6375675201416,796,137.95734024047852,796,138.26559925079346,796,138.87272119522095,796,139.1907947063446,796,139.75532031059265,796,140.07122564315796,796,140.360187292099,796,140.86032056808472,796,141.18360877037048,796,141.48397183418274,796,141.7624819278717,796,142.4328577518463,796,142.7835874557495,795,143.28422594070435,795,143.86176109313965,795,144.22171354293823,795,144.69375252723694,795,144.97650599479675,795,145.58091497421265,795,145.8934383392334,795,146.21427512168884,795,146.54242539405823,795,146.83502221107483,795,147.14087557792664,795,147.49606156349182,795,147.78492164611816,795,148.10577917099,795,148.44227409362793,795,148.7765347957611,795,149.0696063041687,795,149.37062907218933,795,149.6426215171814,795,149.9307508468628,795,150.22252202033997,795,150.53940224647522,795,151.14393997192383,795,151.42584419250488,795,152.01503896713257,795,152.29108333587646,795,152.6307008266449,795,152.929669380188,795,153.24246525764465,795,153.82273077964783,795,154.13394355773926,795,154.8778772354126,795,155.49634790420532,795,155.827978849411,795,156.12379455566406,795,156.42007422447205,795,156.77523112297058,795,157.05700516700745,795,158.91569685935974,795,159.6604723930359,795,160.2097945213318,795,160.7169849872589,795,160.98563432693481,795,161.29963850975037,795,161.60601806640625,795,162.22993850708008,795,162.56809186935425,795,163.12472701072693,795,163.70605850219727,795,163.9953715801239,795,164.31767582893372,795,164.91674065589905,795,165.24335360527039,795,165.57162475585938,795,165.90278005599976,795,166.38299202919006,795,166.98198223114014,795,167.29238605499268,795,167.57395839691162,795,167.83765697479248,795,168.14978957176208,795,168.42357277870178,795,168.70894408226013,795,169.01398301124573,795,169.54994201660156,795,169.89133954048157,795,170.16890859603882,795,170.5518822669983,795,170.8361258506775,792,171.16954255104065,792,171.48983550071716,791,171.75452303886414,789,172.08892941474915,788,172.4006314277649,786,172.76535892486572,786,173.30273532867432,786,173.56272101402283,786,174.08331203460693,786,174.6629958152771,786,174.96312379837036,786,175.49367094039917,786,176.13038611412048,786,176.444566488266,786,176.7115695476532,786,178.4997501373291,786,178.82991290092468,786,179.12611556053162,786,179.4693477153778,786,179.75161123275757,786,180.0373194217682,786,180.30342745780945,786,180.62016773223877,786,181.1343936920166,786,181.48877120018005,786,182.06341171264648,786,182.36913561820984,786,183.02430820465088,786,183.33895635604858,786,183.62595582008362,786,183.9605884552002,786,184.26278257369995,786,184.57631969451904,786,184.85148239135742,786,186.58843684196472,786,186.92535161972046,786,187.22891926765442,786,187.5098705291748,786,187.84271931648254,786,188.13351035118103,786,188.429607629776,786,188.7282075881958,786,188.98983430862427,786,189.302077293396,786,189.6143033504486,786,189.94907927513123,786,190.40367603302002,785,190.72712349891663,785,191.00829577445984,784,191.285964012146,784,191.57920622825623,784,191.86877250671387,784,192.16768407821655,784,192.74068117141724,784,193.05541825294495,784,193.40899872779846,784,193.75995182991028,784,194.07164216041565,784,194.36490178108215,784,194.9758529663086,784,195.2793505191803,784,195.58741331100464,784,196.1609296798706,784,196.47528386116028,784,196.79541540145874,784,197.10693502426147,784,197.41765904426575,784,197.73737692832947,784,198.0648877620697,784,198.37167024612427,784,198.6826708316803,784,198.98575806617737,784,199.25411415100098,784,199.81993126869202,784,200.12969589233398,784,200.67792320251465,784,200.99541187286377,784,201.29589891433716,784,201.63745713233948,784,201.98184061050415,784,202.2498426437378,784,202.58765602111816,784,202.87935972213745,784,203.210919380188,784,203.51176118850708,784,203.78102087974548,784,204.14800262451172,784,204.45416569709778,784,204.78065252304077,784,205.36958980560303,784,205.69306015968323,784,206.0103793144226,784,206.32047939300537,784,206.62398028373718,784,207.19347476959229,784,207.47180199623108,784,207.7972128391266,784,208.10120749473572,784,208.37655305862427,784,208.71529245376587,784,209.04559683799744,784,209.3256814479828,784,209.9353494644165,784,210.22315454483032,784,210.54587125778198,784,210.8046214580536,784,211.1012704372406,784,211.4662640094757,784,211.77605199813843,784,212.3467390537262,784,212.67596530914307,784,213.0144441127777,784,213.31548047065735,784,213.62536787986755,784,213.90902614593506,784,214.21132040023804,784,214.5535328388214,784,214.85513949394226,784,215.17887449264526,784,215.4929473400116,784,215.80623936653137,784,216.11871099472046,784,216.4159197807312,784,216.69909477233887,784,216.9809591770172,784,217.28062343597412,784,217.5576093196869,784,217.8208224773407,784,218.37441682815552,784,218.69750380516052,784,219.03125667572021,784,219.61922121047974,784,219.93041110038757,784,220.46907472610474,784,220.77469635009766,784,221.1197304725647,784,221.3845636844635,784,221.7135045528412,784,222.25106191635132,784,222.85776090621948,784,223.408442735672,784,223.70944571495056,784,224.03548002243042,784,224.30895376205444,784,224.63885402679443,784,225.3480703830719,784,225.9083127975464,784,226.24492001533508,784,226.55907225608826,784,226.825909614563,784,227.09969902038574,784,227.41245532035828,784,228.07896065711975,784,228.39378333091736,784,229.0039038658142,784,229.33865022659302,784,229.6400682926178,784,229.93183374404907,784,230.27366614341736,784,230.79969000816345,784,231.36248922348022,784,231.69287872314453,784,232.03450751304626,784,232.30012726783752,784,232.58904147148132,784,232.90379452705383,784,233.33554196357727,784,233.6316134929657,784,233.9785656929016,784,234.2712540626526,784,234.55731987953186,784,234.8430199623108,784,235.11603546142578,784,235.6417920589447,784,235.98100447654724,778,236.35253143310547,778,236.68055605888367,771,237.301851272583,768,237.66793417930603,767,238.20134210586548,767,238.55848097801208,765,238.87380719184875,765,239.17201685905457,765,239.53769040107727,765,239.88876104354858,765,240.19325017929077,765,240.48570823669434,765,240.80183219909668,765,241.13831782341003,765,241.4622097015381,765,241.89033246040344,765,242.20944380760193,765,242.7661430835724,765,243.08620738983154,765,243.35593342781067,765,243.6616837978363,765,243.94363236427307,765,244.22905230522156,765,244.64534258842468,765,244.95880889892578,765,245.23679542541504,765,245.5486969947815,765,245.8750593662262,765,246.20564603805542,765,246.54685497283936,765,246.8430619239807,765,247.16138339042664,765,247.46642351150513,765,247.78680038452148,765,248.0866997241974,765,248.4409942626953,765,248.7295994758606,765,249.0462760925293,765,249.36337995529175,765,249.7063422203064,765,250.00992918014526,765,250.32552242279053,765,250.64804863929749,765,250.9904019832611,765,251.5909559726715,765,251.9253225326538,764,252.24648070335388,764,252.59293794631958,764,252.88845419883728,764,253.18787622451782,764,253.5324583053589,764,254.11069774627686,764,254.45125555992126,764,254.79066467285156,764,256.5675985813141,764,256.86793875694275,764,257.2269802093506,764,257.55997228622437,764,257.8431079387665,764,258.13745069503784,764,258.4266469478607,764,258.71768379211426,764,258.9987065792084,764,259.2896111011505,764,259.5799415111542,764,259.890545129776,764,260.5707712173462,764,260.8698332309723,764,261.19727849960327,764,261.46164107322693,764,261.79299807548523,764,262.09328174591064,764,262.4258017539978,764,262.71961545944214,764,263.0094664096832,764,263.3246715068817,764,263.6357898712158,764,263.95380330085754,764,264.28726387023926,764,264.56887459754944,764,264.84879064559937,764,265.1848244667053,764,265.5101399421692,764,265.80981516838074,764,266.11756205558777,764,266.71273732185364,764,267.0277144908905,764,267.4752414226532,764,267.7912983894348,764,268.1726379394531,764,268.4959044456482,764,268.78767228126526,764,269.0407567024231,764,269.3124783039093,764,269.61482310295105,764,269.9649784564972,764,270.30788111686707,764,270.5876019001007,764,270.87358045578003,764,271.2359764575958,764,271.537392616272,764,272.1510043144226,764,272.49444460868835,764,272.82230854034424,764,273.14444160461426,764,273.4499578475952,764,273.7677836418152,764,274.07074546813965,764,274.40605664253235,764,274.7521846294403,764,275.03717374801636,764,275.3496894836426,764,275.6615164279938,764,275.96689224243164,764,276.276460647583,764,276.5797700881958,764,276.8705005645752,764,277.1931073665619,764,277.46743655204773,764,278.08166337013245,764,278.76605010032654,764,280.6912636756897,764,281.00794768333435,764,281.35498690605164,764,281.63959407806396,764,281.9605493545532,764,282.24509024620056,764,282.58727192878723,764,282.8949718475342,764,283.18736505508423,764,283.49372386932373,764,283.76847076416016,764,284.12732768058777,764,284.40970158576965,764,285.0075831413269,764,285.3057460784912,764,285.6037232875824,764,285.96639013290405,764,286.51366686820984,764,286.82036089897156,764,287.10867643356323,764,287.6912634372711,764,288.0213978290558,764,288.3206419944763,764,288.60696148872375,764,288.89627289772034,764,289.5129644870758,764,289.8422427177429,764,290.16865372657776,764,290.72911524772644,764,291.0452330112457,764,291.350058555603,764,291.9336643218994,764,292.25435185432434,764,292.5585572719574,764,292.8728847503662,764,293.20563769340515,764,293.5173261165619,764,293.77367091178894,764,294.05601954460144,764,294.61309814453125,764,294.894323348999,764,295.2099244594574,764,295.49446201324463,764,295.83175349235535,764,296.15499448776245,764,296.9217851161957,764,297.22508239746094,764,297.53345680236816,764,297.8539447784424,764,298.1281008720398,764,298.43122959136963,764,298.7009449005127,764,299.0094027519226,764,299.4078824520111,764,299.74780797958374,764,300.0962007045746
4,random graphs/triangle/r1.5k24n16/graph4.lgbin,1433,204.81891179084778,874,1770,0,1607,0.38166022300720215,1480,0.805570125579834,1423,1.3538603782653809,1386,1.6661176681518555,1343,5.011786222457886,1290,5.35199236869812,1256,5.7142720222473145,1247,6.116521120071411,1208,6.423497915267944,1192,6.7882630825042725,1163,7.545814514160156,1151,7.89595103263855,1132,8.249778985977173,1116,8.667685270309448,1094,9.024801969528198,1068,9.679255485534668,1061,10.07167911529541,1055,10.587476253509521,1054,10.948838710784912,1038,11.332090854644775,1036,11.670894145965576,1035,12.03812837600708,1030,12.408530473709106,1027,13.023443222045898,1023,13.327972650527954,1015,13.713927745819092,1012,14.033330917358398,1009,14.531261205673218,1008,14.825813293457031,999,15.166938781738281,995,15.493689060211182,993,15.780551195144653,989,16.109764575958252,988,16.420668601989746,988,16.747419595718384,988,17.083324193954468,988,17.643329858779907,988,18.334938287734985,988,18.70854878425598,988,19.004131078720093,988,19.347345113754272,988,19.685487270355225,985,20.021190404891968,985,20.607954263687134,984,20.994484663009644,983,21.36497163772583,983,21.763136386871338,983,22.124961853027344,983,22.46003484725952,983,22.771300315856934,983,23.0947322845459,982,23.45298194885254,981,24.091972589492798,976,24.426249504089355,974,24.761494636535645,974,25.12643790245056,974,25.45126438140869,974,25.824184894561768,974,26.17849588394165,974,26.46883726119995,974,26.785853624343872,974,27.112879276275635,974,27.762820720672607,974,28.050681352615356,974,28.375839710235596,974,28.716531991958618,974,29.03009343147278,974,29.339829206466675,974,29.695690393447876,974,29.991254806518555,974,30.299331188201904,974,30.600229263305664,973,30.949838876724243,973,31.659900665283203,973,31.967211484909058,969,32.358076333999634,968,32.668277740478516,966,32.97025752067566,966,33.29086685180664,966,33.59602999687195,965,33.952638149261475,965,34.29371619224548,965,34.606252908706665,965,35.39113640785217,965,35.708587408065796,965,36.05524015426636,964,36.70444846153259,963,37.05336332321167,960,37.39930033683777,959,37.75224852561951,954,38.114975452423096,953,38.4347939491272,953,38.94070553779602,948,39.32024097442627,945,39.673656940460205,944,40.04128885269165,942,40.37150573730469,942,40.68485951423645,942,41.0608594417572,940,41.37980556488037,940,41.7213089466095,938,42.07997751235962,937,42.4314546585083,931,42.794264793395996,931,43.104109048843384,928,43.452669620513916,928,43.749159812927246,928,44.059035778045654,928,44.38211750984192,920,44.859188079833984,919,45.43113851547241,919,45.77787780761719,918,46.14715576171875,918,46.47289514541626,917,46.96279788017273,915,47.31179618835449,914,47.61366248130798,914,47.96268582344055,914,48.81299138069153,914,49.18802762031555,914,49.55991172790527,914,49.913644790649414,914,50.20678400993347,914,50.54176115989685,914,50.86243200302124,912,51.18943953514099,912,51.51325726509094,912,52.10425925254822,912,52.446117639541626,912,52.73656988143921,912,53.09914803504944,911,53.38801646232605,911,54.05081248283386,911,54.70043468475342,911,55.009687662124634,911,55.35615611076355,910,55.77439284324646,909,56.12760519981384,909,56.49865937232971,909,56.77792143821716,909,57.10417103767395,909,57.49220323562622,909,57.837703704833984,909,58.198057889938354,909,58.528189182281494,909,58.821492195129395,909,59.141072511672974,909,59.55243754386902,909,59.89296579360962,909,60.2148015499115,909,60.501201152801514,909,60.803622007369995,909,61.12064027786255,909,61.47280192375183,909,61.81581163406372,909,62.09909009933472,909,62.466944456100464,909,62.79743480682373,908,63.132848024368286,908,63.66836667060852,907,64.0149872303009,907,64.33545517921448,907,64.70081543922424,907,65.00867176055908,906,65.37040901184082,905,65.75779223442078,900,66.08701992034912,900,66.41877317428589,900,66.71805882453918,900,67.05941891670227,900,67.37937426567078,899,67.71806859970093,899,68.03117775917053,899,68.34763026237488,898,68.64160466194153,897,68.99658703804016,897,69.31653380393982,897,69.84634733200073,897,70.19115328788757,897,70.51406788825989,897,70.80725836753845,897,71.12412643432617,897,71.40648531913757,897,71.72191023826599,897,72.0412085056305,897,72.34719729423523,896,72.69210958480835,896,73.05588483810425,896,73.35421299934387,896,73.68174004554749,896,73.97021675109863,896,74.2803430557251,896,74.5776150226593,896,74.92713022232056,896,75.22109007835388,896,75.5159342288971,896,75.790367603302,896,76.12184834480286,896,76.44428443908691,896,77.18173956871033,896,77.53482460975647,896,78.09419584274292,896,78.36311554908752,896,78.68396949768066,896,79.02549266815186,896,79.44042825698853,896,79.76914358139038,896,80.06680417060852,896,80.39566111564636,896,80.67853546142578,896,80.95144033432007,896,81.27561593055725,896,81.61182403564453,896,81.97068572044373,896,82.2449140548706,896,82.54424571990967,896,82.87374544143677,896,83.42782092094421,896,83.77977514266968,896,84.45509457588196,896,84.80212569236755,896,85.0883150100708,896,85.44715142250061,896,85.7881293296814,896,86.10623741149902,896,86.3998475074768,896,86.71812009811401,896,87.00728607177734,896,87.33151841163635,896,87.62419986724854,896,88.01654863357544,896,88.34091854095459,896,88.65899705886841,896,88.97096753120422,896,89.30357813835144,896,89.65766978263855,896,90.26085996627808,896,90.63033390045166,896,90.94551539421082,896,91.24618291854858,896,91.55975985527039,896,91.92143726348877,896,92.243821144104,896,92.6025722026825,896,92.959951877594,896,93.2909779548645,896,93.63392233848572,896,93.98432207107544,896,94.25596189498901,896,94.63008952140808,896,94.94868898391724,896,95.5884211063385,896,95.87318658828735,896,96.51999592781067,896,97.17031931877136,896,97.4893913269043,896,97.82533311843872,896,98.13622975349426,896,98.5439612865448,896,99.18250322341919,896,99.51991367340088,896,99.85901546478271,896,100.2019305229187,896,100.50648069381714,896,100.81516575813293,896,101.13821625709534,896,101.45249581336975,896,102.04959154129028,896,102.3579432964325,896,102.71318888664246,896,103.04542946815491,896,103.39653611183167,896,103.69786310195923,896,104.04999208450317,896,104.6422917842865,896,104.96418118476868,896,105.30119347572327,896,105.63400435447693,896,105.92966032028198,896,106.48050355911255,896,106.77198219299316,896,107.07241702079773,896,107.39052629470825,896,107.70717144012451,896,108.04315948486328,896,108.38142204284668,896,108.70323395729065,896,109.05793190002441,896,109.35807275772095,896,109.73317074775696,896,110.0086555480957,896,110.31174683570862,896,110.67000913619995,896,111.02785277366638,896,111.36078429222107,896,111.70897603034973,896,112.02541661262512,896,112.32667994499207,896,112.65857267379761,896,112.99593615531921,896,113.441650390625,896,113.73255133628845,896,114.12196588516235,896,114.49401426315308,896,114.7923972606659,896,115.09550094604492,896,115.4130871295929,896,115.74572563171387,896,116.10252285003662,896,116.4229953289032,896,116.7798535823822,896,117.37666249275208,896,117.71100974082947,896,118.29600763320923,896,118.6201708316803,896,119.28690195083618,896,119.62672567367554,896,119.92769384384155,896,120.25824570655823,896,120.56780004501343,896,121.05068445205688,896,121.37217426300049,896,121.66189575195312,896,121.97994041442871,896,122.27674865722656,896,122.57623219490051,896,122.89577269554138,896,123.21596312522888,896,123.52105903625488,896,125.4031593799591,896,125.74247980117798,896,126.06736922264099,896,126.41305375099182,896,126.74865460395813,896,127.07988262176514,896,127.40715742111206,896,127.70668935775757,896,128.03863263130188,896,128.38833332061768,896,128.72861123085022,896,129.0455460548401,896,129.36785531044006,896,129.68754720687866,896,130.02654647827148,896,130.40082788467407,896,130.69708490371704,896,131.0143642425537,896,131.3784840106964,896,131.725932598114,896,132.07451009750366,896,132.38543915748596,896,132.72799468040466,896,133.1115117073059,896,133.40493154525757,896,133.7395737171173,896,134.05118227005005,896,134.37034487724304,896,134.723778963089,896,135.45411729812622,896,135.79911828041077,896,136.17348909378052,896,136.5448067188263,896,136.91093468666077,896,137.19948291778564,896,137.82394909858704,896,138.1949372291565,896,138.78086185455322,896,139.11857676506042,896,139.46373963356018,896,139.82507061958313,896,140.13422536849976,896,141.96559357643127,896,142.27527832984924,896,142.63264107704163,896,142.9415590763092,896,143.30638074874878,896,143.62830996513367,896,143.94969010353088,896,144.2796666622162,896,144.6117856502533,896,144.9474573135376,896,145.2674045562744,896,145.5763611793518,896,145.95141434669495,896,146.24414372444153,896,146.5930814743042,896,147.15611720085144,896,147.5031394958496,896,147.8812403678894,896,148.16136527061462,896,148.5001847743988,896,148.8414454460144,896,149.13106656074524,896,149.44570636749268,896,150.1783766746521,896,150.48527264595032,896,150.76832842826843,896,151.32546401023865,896,151.6660180091858,896,152.29982590675354,896,152.59371852874756,896,152.87566828727722,896,153.2303946018219,896,153.57183122634888,896,153.92389702796936,896,154.32882380485535,890,154.81015419960022,890,155.1323947906494,890,155.51432824134827,890,155.79526805877686,890,156.56776881217957,890,156.91710901260376,890,157.2661530971527,890,157.57774376869202,890,157.88742065429688,890,158.20651388168335,890,158.54665756225586,890,158.88596367835999,890,159.21548318862915,890,159.51720118522644,889,159.89855432510376,889,160.19546484947205,889,160.51556968688965,889,160.85486912727356,889,161.3730285167694,889,161.72729420661926,889,162.0487253665924,889,162.36021256446838,889,162.67993116378784,889,163.0277111530304,887,163.34561729431152,887,163.6671712398529,887,164.00865173339844,887,164.36644864082336,887,164.70057725906372,887,165.08423352241516,887,165.47140073776245,887,166.12431836128235,887,166.49332904815674,887,166.82659220695496,887,167.5129430294037,886,168.28956699371338,886,168.61165618896484,886,168.95327401161194,886,169.24688029289246,886,169.5896828174591,886,169.92733335494995,886,170.23862099647522,886,170.58356165885925,886,170.9307677745819,886,171.265065908432,886,171.56913924217224,886,172.23630690574646,886,172.61686944961548,886,172.98564958572388,886,173.26859617233276,886,173.57251453399658,886,173.8532156944275,884,174.24040603637695,884,174.55123615264893,884,174.90806579589844,884,175.2214319705963,884,175.53840851783752,884,175.85462284088135,884,176.34558963775635,884,176.67502403259277,884,177.04712224006653,884,178.9840636253357,884,179.3223638534546,884,179.63128972053528,884,179.97383999824524,884,180.29564905166626,884,180.61571192741394,884,180.94621539115906,884,181.27942395210266,884,181.61459803581238,884,181.9421751499176,884,182.2458381652832,884,182.56462502479553,884,182.8546679019928,884,183.17184782028198,884,183.52226042747498,884,183.85811567306519,884,184.17995715141296,884,184.5136480331421,884,184.81713891029358,884,185.17147254943848,884,185.46156287193298,884,185.77128148078918,884,186.0818223953247,884,186.39776587486267,884,187.1153872013092,884,187.38806986808777,884,187.7165024280548,884,188.26629877090454,884,188.56777954101562,884,188.85457372665405,884,189.16979217529297,884,189.45539569854736,884,189.79102683067322,884,190.09899950027466,884,190.37016606330872,884,190.98799848556519,884,191.32612013816833,884,191.61715865135193,884,191.97285270690918,884,192.32850289344788,884,192.65991926193237,884,193.3401243686676,884,193.6613392829895,884,193.96600127220154,884,194.31060481071472,884,194.62634897232056,884,194.93976664543152,884,195.53095245361328,884,195.80569672584534,884,196.0912902355194,884,196.39551615715027,883,196.72584772109985,883,197.11397123336792,881,197.4654929637909,881,197.75823640823364,881,198.07012295722961,881,198.41151785850525,881,198.7260503768921,881,199.00385284423828,881,199.29890370368958,881,199.61790466308594,881,199.9432852268219,881,200.27882552146912,881,200.627051115036,881,200.9154999256134,881,201.22996735572815,881,201.5025725364685,881,201.79335761070251,881,202.12090516090393,881,202.4099404811859,881,202.71979451179504,881,203.0409288406372,881,203.36607551574707,881,203.65134263038635,881,203.9415283203125,881,204.23592853546143,881,204.8251736164093,881,205.16167831420898,881,205.48546600341797,881,205.817964553833,881,206.31441617012024,881,206.63101625442505,881,206.93955326080322,881,207.24715447425842,881,207.8545434474945,881,208.16561079025269,881,208.460515499115,880,209.2082040309906,879,209.54728960990906,877,209.8984625339508,877,210.35572147369385,877,211.02561259269714,875,211.36918687820435,875,211.99967098236084,875,212.29260230064392,875,212.62078332901,875,212.94258785247803,875,213.25293707847595,875,213.60390520095825,875,213.94227170944214,875,214.28386759757996,875,214.60450792312622,875,214.91162276268005,875,215.19967198371887,875,215.52915835380554,875,215.7933316230774,875,216.3566710948944,875,216.67402005195618,875,216.9759123325348,875,217.27769207954407,875,217.53555274009705,875,217.86103534698486,875,218.17301058769226,875,218.48738312721252,875,219.08073830604553,875,219.3713767528534,875,219.68944025039673,875,220.33850193023682,875,220.61963033676147,875,220.94326090812683,875,221.27090668678284,875,221.57873725891113,875,221.85104370117188,875,222.1574854850769,875,222.4294466972351,875,222.73570942878723,875,223.03155159950256,875,223.32738304138184,875,223.69685244560242,875,223.98808550834656,875,224.29056811332703,875,224.90356516838074,875,225.24599194526672,875,225.54480481147766,875,225.88002038002014,875,226.1577925682068,875,226.4549422264099,875,226.80356287956238,875,227.15177202224731,875,227.43548464775085,874,227.75412797927856,874,228.05818438529968,874,228.35688495635986,874,228.67559695243835,874,229.00622749328613,874,229.3118953704834,874,229.62016892433167,874,229.94167852401733,874,230.2638487815857,874,230.5843379497528,874,231.11961126327515,874,231.41033172607422,874,231.72961831092834,874,232.55200791358948,874,232.88687109947205,874,233.2018814086914,874,233.5044584274292,874,234.0675413608551,874,234.39578485488892,874,234.7072057723999,874,235.00710368156433,874,235.30281162261963,874,235.61745357513428,874,235.9048924446106,874,236.50903916358948,874,236.82587480545044,874,237.42654466629028,874,238.02983450889587,874,238.36586952209473,874,238.71189880371094,874,239.03986763954163,874,239.3291003704071,874,239.67968845367432,874,239.98988103866577,874,240.27726292610168,874,240.5790433883667,874,240.89891362190247,874,241.29428672790527,874,241.64280343055725,874,241.92112159729004,874,242.22855925559998,874,242.5757977962494,874,242.91246557235718,874,243.2103397846222,874,243.5349566936493,874,244.15463042259216,874,244.5109260082245,874,244.82694125175476,874,245.11252903938293,874,245.4297230243683,874,245.7420973777771,874,246.05043601989746,874,246.71825408935547,874,247.05314564704895,874,247.70879697799683,874,248.04264521598816,874,248.64025259017944,874,248.96863842010498,874,249.56318736076355,874,249.85641765594482,874,250.17987513542175,874,250.50140357017517,874,250.82410335540771,874,251.30293679237366,874,251.63952922821045,874,252.0386803150177,874,252.36158561706543,874,252.6737780570984,874,253.00486946105957,874,253.3298408985138,874,253.6701626777649,874,254.10324788093567,874,254.40552425384521,874,254.6998429298401,874,254.98825907707214,874,255.3041968345642,874,255.6143434047699,874,255.98409914970398,874,256.3615221977234,874,256.6756157875061,874,256.98410844802856,874,257.3351924419403,874,257.64367055892944,874,257.9783134460449,874,258.32293343544006,874,258.64759278297424,874,258.9763948917389,874,259.38880825042725,874,259.7503321170807,874,260.09480118751526,874,260.46032643318176,874,260.8019223213196,874,261.1190276145935,874,261.40267419815063,874,261.68293261528015,874,261.96268367767334,874,262.3187417984009,874,262.6202390193939,874,262.9451732635498,874,263.2363600730896,874,263.5165870189667,874,263.8199496269226,874,264.14806747436523,874,264.44662070274353,874,264.772745847702,874,265.1056098937988,874,265.62757992744446,874,265.9696533679962,874,266.2887370586395,874,266.5896420478821,874,266.904803276062,874,267.242062330246,874,267.5545496940613,874,267.8705804347992,874,268.18357253074646,874,268.48734164237976,874,268.76484775543213,874,269.0998330116272,874,269.4100832939148,874,269.72458696365356,874,270.09528827667236,874,270.4352722167969,874,270.76670384407043,874,271.0396399497986,874,271.3522753715515,874,271.65340995788574,874,271.95375323295593,874,272.2878894805908,874,272.8861825466156,874,273.38680624961853,874,273.7038779258728,874,273.9978287220001,874,274.3029749393463,874,274.66753697395325,874,274.9845561981201,874,275.2715833187103,874,275.62165427207947,874,275.9464855194092,874,276.2787230014801,874,276.8371856212616,874,277.14681577682495,874,277.485347032547,874,277.7857964038849,874,278.0856685638428,874,278.4143497943878,874,279.10717153549194,874,279.441365480423,874,279.7291202545166,874,280.08344078063965,874,280.42501997947693,874,280.7802367210388,874,281.09777307510376,874,281.41439843177795,874,281.73591017723083,874,282.35836386680603,874,282.7095561027527,874,283.0511450767517,874,283.62631464004517,874,283.97886753082275,874,284.29720640182495,874,284.60991859436035,874,284.9016511440277,874,285.2373676300049,874,285.569269657135,874,285.905624628067,874,286.23465299606323,874,286.5509121417999,874,286.8622863292694,874,287.1907272338867,874,287.4971721172333,874,287.82023787498474,874,288.17214584350586,874,288.4639277458191,874,288.7737982273102,874,289.1086251735687,874,289.396817445755,874,289.7222044467926,874,290.08186650276184,874,290.35602498054504,874,291.0340712070465,874,291.3913474082947,874,291.7029688358307,874,292.03652906417847,874,292.33176708221436,874,292.83150148391724,874,293.1837067604065,874,293.5201585292816,874,293.85333347320557,874,294.1515860557556,874,294.45497035980225,874,294.7489974498749,874,295.3668444156647,874,295.65617966651917,874,295.9401261806488,874,296.2633202075958,874,296.57583808898926,874,296.88354539871216,874,297.21769285202026,874,297.6206274032593,874,297.9087018966675,874,298.21563601493835,874,298.53444242477417,874,298.8843023777008,874,299.1773374080658,874,299.46943283081055,874,299.8375549316406,874,300.1140077114105
0,random graphs/triangle/r1.5k24n16/graph0.lgbin,2691,204.02559685707092,862,1739,0,1575,0.480802059173584,1399,0.9289846420288086,1284,1.37135648727417,1216,1.8122766017913818,1182,2.2047736644744873,1149,2.703016757965088,1132,3.0386970043182373,1113,3.395498275756836,1108,3.726327419281006,1076,4.125212669372559,1069,4.5913379192352295,1061,4.945579528808594,1050,5.453429937362671,1038,5.867158651351929,1025,6.318276643753052,1024,6.725948095321655,1020,7.110967636108398,1011,7.593434572219849,995,8.020405530929565,991,8.579675436019897,990,8.896057844161987,988,9.330838441848755,986,9.930245399475098,984,10.350472688674927,982,10.766908407211304,967,11.344337940216064,956,11.698815107345581,946,12.160459995269775,943,12.58027958869934,940,12.983426809310913,938,13.371203422546387,936,13.80293345451355,930,14.183863401412964,924,14.585740089416504,923,15.10289216041565,923,15.460490703582764,916,16.094494104385376,913,16.480008602142334,913,16.78834342956543,911,17.143229246139526,911,17.476879119873047,911,17.83196187019348,911,18.321526527404785,909,18.79332208633423,905,19.18413496017456,905,19.56583333015442,905,19.90173649787903,904,20.370586395263672,904,20.718799352645874,901,21.7359402179718,901,22.14859175682068,901,22.57686138153076,898,22.984817266464233,898,23.314266443252563,898,23.710702419281006,898,24.05595111846924,898,24.572017431259155,898,24.944759130477905,898,25.3390474319458,892,25.786824464797974,892,26.144066333770752,892,26.473240852355957,892,27.22661590576172,892,27.56105065345764,892,27.913471221923828,892,28.514077186584473,892,28.88026189804077,892,29.218864679336548,892,29.5839421749115,892,29.942426443099976,892,30.259629487991333,892,30.675177335739136,892,30.99334979057312,892,31.39730191230774,891,31.80939483642578,886,32.21991324424744,886,32.53558540344238,886,33.32682657241821,886,33.674795627593994,886,34.03571033477783,886,34.36290645599365,886,34.706414222717285,886,35.02554368972778,886,35.451122999191284,885,35.80470681190491,885,36.13750100135803,885,36.488309144973755,885,36.83364295959473,885,37.17152690887451,885,37.51585602760315,885,37.85414671897888,885,38.18154168128967,885,38.53218984603882,885,38.85772657394409,885,39.677410364151,885,40.10916876792908,885,40.47341012954712,885,40.824246406555176,884,41.24431109428406,884,41.59429621696472,884,41.92588210105896,884,42.74225640296936,883,43.239436626434326,883,43.63779163360596,883,43.98796510696411,883,44.32186484336853,883,44.64769101142883,883,45.00894856452942,883,45.45586371421814,883,45.85960268974304,883,46.831873655319214,883,47.158891916275024,883,47.51026773452759,883,47.835859537124634,883,48.18483209609985,883,48.57456302642822,883,49.015798807144165,883,49.38366651535034,883,49.71222996711731,883,50.03153038024902,883,50.36553883552551,883,50.709293842315674,883,51.06888222694397,883,51.472952127456665,883,51.772295236587524,883,52.103559494018555,883,52.473294734954834,883,52.81236147880554,883,53.16075825691223,883,53.50290131568909,883,54.31164050102234,883,54.64378213882446,883,54.977211475372314,883,55.294198989868164,883,55.7121958732605,883,56.05760717391968,883,56.390743255615234,883,57.09154200553894,883,57.42894792556763,883,57.79364013671875,882,58.25358200073242,882,58.97779893875122,879,59.46183204650879,879,59.89342951774597,877,60.33960723876953,877,60.66352915763855,877,60.99352836608887,877,61.33917784690857,877,61.70419216156006,877,62.055123805999756,877,62.45420861244202,877,62.78808665275574,877,63.129698514938354,877,63.553152322769165,877,64.06757426261902,877,64.40743017196655,877,64.74450182914734,877,65.06169843673706,877,65.41037011146545,877,65.77130651473999,877,66.09701776504517,877,66.44426655769348,877,66.77106499671936,877,67.11014556884766,877,67.45156574249268,877,67.79448175430298,877,68.16728973388672,877,68.50151944160461,877,68.84646487236023,877,69.26957845687866,877,69.62755465507507,877,69.96026372909546,877,70.28361368179321,877,70.62277817726135,877,70.97287583351135,877,71.34752678871155,877,71.70714807510376,877,72.08338499069214,877,72.43088388442993,877,72.7975263595581,877,73.17102813720703,877,73.54814386367798,877,73.95031929016113,877,74.8465507030487,877,75.1937735080719,877,75.61001229286194,877,75.93991756439209,877,76.27243518829346,877,77.11390566825867,877,77.52572679519653,877,77.90919280052185,877,78.24232482910156,877,78.59378385543823,877,78.9284873008728,877,79.26742696762085,877,79.67814993858337,877,80.01770663261414,877,80.43942451477051,877,80.75541472434998,877,81.45971608161926,877,81.7931444644928,877,82.14115810394287,877,82.47287774085999,877,82.80899667739868,877,83.15063834190369,877,83.46660661697388,877,83.80869317054749,877,84.1757276058197,876,84.59160280227661,876,84.95366477966309,876,85.71846389770508,876,86.09959959983826,876,86.44922804832458,876,86.77864670753479,876,87.15897798538208,876,87.49102544784546,876,87.8463499546051,876,88.26388239860535,876,88.62808465957642,876,88.97015333175659,876,89.27828192710876,876,89.65361833572388,876,90.01052379608154,876,90.34940385818481,876,90.71214842796326,876,91.11324119567871,876,91.4667296409607,876,91.84352707862854,876,92.17750930786133,876,92.56382012367249,876,92.91372776031494,876,93.255859375,876,93.56145882606506,876,93.89373731613159,876,94.2485203742981,876,94.6136531829834,875,95.02058911323547,875,95.36855864524841,875,96.18817639350891,875,96.56707954406738,875,97.06310367584229,875,97.45368766784668,875,97.79775309562683,875,98.13441061973572,875,98.4996452331543,875,98.87796306610107,875,99.35794401168823,875,99.69091892242432,875,100.04315328598022,875,100.39297699928284,875,100.71792650222778,875,101.0658016204834,875,101.42396783828735,875,102.18960976600647,875,102.594562292099,875,102.98358178138733,875,103.30171847343445,875,103.61476635932922,875,103.97326326370239,875,104.32420754432678,875,104.77307510375977,875,105.56955313682556,875,105.9291479587555,875,106.27135491371155,875,106.68897104263306,875,107.0359559059143,875,107.4288911819458,875,107.76841592788696,875,108.15048480033875,875,108.49123764038086,875,108.82287549972534,875,109.1530864238739,875,109.49351620674133,875,109.81687045097351,875,110.16723680496216,875,110.4982841014862,875,110.8594970703125,875,111.20362854003906,875,111.54082322120667,875,111.93910789489746,875,112.27597093582153,875,112.71538305282593,875,113.03130078315735,875,113.39539647102356,875,113.74625444412231,875,114.13824462890625,875,114.4623384475708,875,114.82003235816956,875,115.15215826034546,875,115.4985146522522,875,115.85376811027527,875,116.18572926521301,875,116.5473153591156,875,116.87087082862854,875,117.23185753822327,875,117.5737054347992,875,117.89887762069702,875,118.26758694648743,875,118.60744333267212,875,118.95329308509827,875,119.31355690956116,875,119.69159603118896,875,120.05850148200989,875,120.39245772361755,875,120.72602105140686,875,121.08226990699768,875,121.43070483207703,875,121.76416635513306,875,122.16955375671387,875,122.50390958786011,875,122.85758113861084,875,123.28160190582275,875,123.62462425231934,875,123.99206185340881,875,124.32253837585449,875,124.65076804161072,875,124.98351311683655,875,125.29726266860962,875,125.73760223388672,875,126.10703015327454,875,126.43101000785828,875,126.77404069900513,875,127.21453833580017,875,127.67245960235596,875,128.01597428321838,875,128.34529066085815,875,128.69103980064392,875,129.03170824050903,875,129.37127661705017,875,129.8343358039856,875,130.18668699264526,875,130.53188347816467,875,130.90179777145386,875,131.33373379707336,875,131.68545579910278,875,132.03631615638733,875,132.3511004447937,875,132.67002272605896,875,133.02564001083374,875,133.3745093345642,875,133.7211389541626,875,134.09422278404236,875,134.41993474960327,875,134.78441262245178,875,135.14010334014893,875,135.49154138565063,875,135.8265585899353,875,136.27169609069824,875,136.61817860603333,875,136.9410753250122,875,137.332190990448,875,137.69023513793945,875,138.23797178268433,875,138.56531190872192,875,138.90040850639343,875,139.2419149875641,875,139.58334517478943,875,139.92325472831726,875,140.3490777015686,875,140.71520686149597,875,141.12175941467285,875,141.46624946594238,875,141.82876229286194,875,142.1727204322815,875,142.5328733921051,875,142.8883204460144,875,143.23603296279907,875,143.58999752998352,875,143.96473813056946,875,144.3890779018402,875,144.70400309562683,875,145.05049920082092,875,145.54562759399414,875,145.88522481918335,875,146.33880233764648,875,146.67069125175476,875,147.01334428787231,875,147.36498165130615,875,147.77516508102417,875,148.12965965270996,875,148.5327854156494,875,148.85582566261292,875,149.30715489387512,875,149.72752857208252,875,150.5719871520996,875,150.91596579551697,875,151.28898739814758,875,151.73194766044617,875,152.17644929885864,875,152.55654454231262,875,152.95592832565308,875,153.319806098938,875,153.66425466537476,875,154.01462173461914,875,155.10921001434326,875,155.46844911575317,875,155.9286675453186,875,156.3288140296936,875,156.68516039848328,875,157.04053926467896,875,157.38748812675476,875,157.74211597442627,875,158.08807682991028,875,158.9556062221527,875,159.31712365150452,875,159.65842938423157,875,160.01742959022522,875,160.3638517856598,875,160.7053918838501,875,161.06990122795105,875,161.42272090911865,875,161.83763074874878,875,162.17704939842224,875,162.66684436798096,875,163.02461528778076,875,163.4294638633728,875,163.7820131778717,875,164.1057243347168,875,164.89517998695374,875,165.25202417373657,875,165.57614850997925,875,165.89886260032654,875,166.27801179885864,875,167.03436756134033,875,167.3829309940338,875,167.74452185630798,875,168.0914855003357,875,168.4220986366272,875,169.28598546981812,875,169.66266679763794,875,170.0132875442505,875,170.48343443870544,875,170.8737394809723,875,171.27571368217468,875,171.63943529129028,875,172.00213718414307,875,172.3338646888733,875,172.7148985862732,875,173.05002284049988,875,173.39312958717346,875,173.76636123657227,875,174.09737014770508,875,174.47467255592346,875,174.79351210594177,875,175.16524577140808,875,175.57150411605835,875,175.90430092811584,875,176.25232338905334,875,176.61686992645264,875,176.96439385414124,875,177.38091564178467,875,177.76532530784607,875,178.1083459854126,875,178.46261167526245,875,178.8638436794281,875,179.2376573085785,873,179.69597697257996,873,180.0211420059204,873,180.35980916023254,873,180.75673937797546,873,181.09068942070007,872,181.5521867275238,872,181.89868330955505,872,182.23089599609375,872,182.57655811309814,872,182.90039992332458,872,183.2269263267517,872,183.55823135375977,872,183.91341161727905,872,184.25026416778564,872,184.59558582305908,872,184.9315528869629,872,185.30150389671326,872,185.70340156555176,872,186.10669946670532,870,186.81451749801636,870,187.17526745796204,870,187.490957736969,870,187.84174847602844,870,188.27703142166138,870,188.61163544654846,870,188.99777555465698,870,189.35027742385864,870,189.7091612815857,870,190.06956934928894,870,190.400399684906,870,190.7645013332367,870,191.12973499298096,870,193.08818817138672,870,193.41996479034424,870,193.7471570968628,870,194.09013080596924,870,194.433452129364,870,194.84688115119934,870,195.16414499282837,870,195.5505223274231,870,195.90596985816956,870,196.25253176689148,870,196.58497214317322,870,196.92948150634766,870,197.27803897857666,870,197.6710705757141,870,198.01992106437683,870,198.36831259727478,870,198.77346777915955,870,199.18169689178467,870,199.6456310749054,870,199.99390482902527,869,200.41227221488953,869,200.85108256340027,869,201.25461530685425,869,201.6572721004486,869,202.04229712486267,869,202.37746715545654,869,202.78114318847656,869,203.1208438873291,869,203.4825177192688,869,203.8909797668457,869,204.278813123703,869,204.62184238433838,869,204.9961097240448,869,205.3780074119568,869,205.76586818695068,869,206.11936163902283,869,206.56189680099487,869,206.90153336524963,869,207.29743576049805,869,207.68716073036194,869,208.03905749320984,869,208.41695499420166,869,208.7718470096588,869,209.1149878501892,869,209.50191712379456,869,209.8413429260254,869,210.1969349384308,869,210.5419204235077,869,210.97066950798035,869,211.39574146270752,869,211.784898519516,869,212.1285481452942,869,212.57289385795593,869,212.94695377349854,869,213.29926419258118,869,213.61768984794617,869,213.96774005889893,869,214.39946818351746,869,214.7624261379242,869,215.12371349334717,869,215.50979447364807,869,215.9472634792328,869,216.41483187675476,869,216.77493286132812,869,217.19529151916504,869,217.62831473350525,869,217.96557188034058,869,218.364755153656,869,218.7314031124115,869,219.10408282279968,869,219.4571578502655,869,219.85241651535034,869,220.18252062797546,869,220.52740240097046,868,220.9249119758606,868,221.28920531272888,868,221.71729111671448,868,222.08190846443176,868,222.44047904014587,868,222.8188579082489,868,223.22685527801514,866,223.64943313598633,866,224.0350239276886,865,224.49503183364868,865,225.81237411499023,865,226.17260074615479,865,226.52124428749084,865,226.84513139724731,865,227.26062774658203,865,227.6340982913971,865,227.9880611896515,865,228.59164118766785,865,228.92999362945557,865,229.285386800766,865,229.63325834274292,865,230.42605304718018,865,230.8084065914154,865,231.14131021499634,865,231.53602170944214,865,231.86648631095886,865,232.28932642936707,865,232.64322757720947,865,233.08318042755127,865,233.4579358100891,865,234.3656086921692,865,234.72821831703186,865,235.06196427345276,865,235.40020847320557,865,235.7202503681183,865,236.12004852294922,865,236.44469594955444,865,236.78982520103455,865,237.13652276992798,865,237.49013662338257,865,237.8932695388794,865,238.24159240722656,865,238.55864644050598,865,238.88339066505432,865,239.1915647983551,865,239.5067822933197,864,239.87743163108826,864,240.21180534362793,864,240.53191304206848,864,240.85086822509766,864,241.2228021621704,864,241.57704854011536,864,241.9147915840149,864,242.33792972564697,864,242.6649603843689,864,243.0324935913086,864,243.3720622062683,864,243.7457890510559,864,244.09005069732666,864,244.41522932052612,864,244.84590029716492,864,245.26084327697754,864,245.59983801841736,864,245.96182870864868,864,246.340754032135,864,246.7034194469452,864,247.04570055007935,864,247.3592963218689,864,247.69545984268188,864,248.027277469635,864,248.36317658424377,864,248.76648235321045,864,249.09514951705933,864,249.48178696632385,864,249.8036596775055,864,250.1288468837738,864,250.50290894508362,864,250.83091568946838,864,251.23482990264893,864,251.56768369674683,864,251.9484293460846,864,252.39507961273193,864,252.7908456325531,864,253.14849543571472,864,253.47335505485535,863,253.90541815757751,863,254.22220420837402,863,254.60410499572754,863,254.94090127944946,863,255.25303411483765,863,255.5898232460022,862,256.0489237308502,862,256.39831924438477,862,256.7819311618805,862,257.1202766895294,862,257.86118626594543,862,258.19807147979736,862,258.51720809936523,862,258.83174419403076,862,259.19659447669983,862,259.5937349796295,862,259.9125487804413,862,260.2432634830475,862,260.64355516433716,862,260.9823317527771,862,261.44779777526855,862,261.7657265663147,862,262.5381410121918,862,262.89708375930786,862,263.25984358787537,862,263.5913915634155,862,263.9087474346161,862,264.26141476631165,862,264.57945799827576,862,264.91327118873596,862,265.266001701355,862,265.58537697792053,862,265.94687581062317,862,266.32191014289856,862,266.68259477615356,862,267.0414447784424,862,267.36761713027954,862,267.68373823165894,862,268.65400743484497,862,269.03132677078247,862,269.33880853652954,862,269.6724805831909,862,270.062518119812,862,270.44799184799194,862,270.76726841926575,862,271.0730941295624,862,271.40161180496216,862,271.79033493995667,862,272.12386083602905,862,272.48987221717834,862,272.80038928985596,862,273.1266767978668,862,273.4683790206909,862,273.79618763923645,862,274.12024760246277,862,274.4355058670044,862,274.7742419242859,862,275.08622002601624,862,275.59901189804077,862,275.92599725723267,862,276.26191449165344,862,276.6413435935974,862,276.9659683704376,862,277.3549106121063,862,277.683709859848,862,278.01426553726196,862,278.3242516517639,862,278.7383997440338,862,279.10675406455994,862,279.4530770778656,862,279.78577065467834,862,280.1130313873291,862,280.45275259017944,862,280.78692388534546,862,281.154296875,862,281.5051736831665,862,281.8446877002716,862,282.20231914520264,862,282.52662563323975,862,282.85018157958984,862,283.1806914806366,862,283.5249819755554,862,283.8554666042328,862,284.16737627983093,862,284.5010325908661,862,284.84069752693176,862,285.17087841033936,862,285.4988923072815,862,285.84870290756226,862,286.1739728450775,862,286.5008227825165,862,286.8761875629425,862,287.2006096839905,862,287.5183310508728,862,287.8649425506592,862,288.1735694408417,862,288.50953912734985,862,288.8661787509918,862,289.19204592704773,862,289.5511360168457,862,289.87428188323975,862,290.25447273254395,862,290.5734055042267,862,290.8913731575012,862,291.239812374115,862,291.5674066543579,862,291.993200302124,862,292.3575084209442,862,292.6690752506256,862,293.00174736976624,862,293.33439779281616,862,293.72846937179565,862,294.059273481369,862,294.43302059173584,862,294.75056886672974,862,295.0731101036072,862,295.43376994132996,862,295.7762665748596,862,296.13093400001526,862,296.4793281555176,862,296.7982409000397,862,297.1372091770172,862,297.48682498931885,862,297.81843614578247,862,298.1756811141968,862,298.5178985595703,862,298.858589887619,862,299.7154686450958,862,300.10350799560547
1,random graphs/triangle/r1.5k24n16/graph1.lgbin,2691,204.0360689163208,758,1622,0,1443,0.44195556640625,1340,0.7951004505157471,1257,1.1471290588378906,1190,1.557300329208374,1157,1.9651110172271729,1136,2.3490207195281982,1094,2.7172915935516357,1050,3.550997018814087,1020,3.936363458633423,999,4.723297119140625,993,5.08414626121521,984,5.663516521453857,981,6.051278114318848,971,6.421015501022339,956,6.837815523147583,948,7.223875045776367,944,9.330261468887329,931,9.721016883850098,928,10.079704523086548,926,10.397378206253052,925,10.784438133239746,923,11.289916515350342,923,11.64296555519104,914,12.115289449691772,908,12.519964218139648,907,12.940400123596191,901,13.434943675994873,899,13.804260969161987,893,14.199959993362427,891,14.573789834976196,891,14.97665810585022,891,15.379501819610596,891,15.742032527923584,890,16.10560393333435,884,16.53565216064453,883,16.96733331680298,877,17.464964151382446,877,17.90141534805298,874,18.34139609336853,874,18.741852521896362,874,19.046520233154297,874,19.39522624015808,872,19.795129776000977,869,20.110044240951538,868,20.432719945907593,867,20.82355570793152,867,21.173232555389404,865,21.585657119750977,860,21.987090587615967,857,22.414151668548584,857,22.78136110305786,856,23.569061994552612,856,23.941773414611816,856,24.27449941635132,856,24.597395658493042,856,24.91272282600403,854,25.313025951385498,850,25.66385293006897,850,25.987610816955566,849,26.407193899154663,848,26.86456561088562,845,27.271507740020752,845,27.64572048187256,845,27.96752166748047,843,29.73398494720459,842,30.04809260368347,842,30.450326919555664,842,30.826348543167114,842,31.169577598571777,842,31.5944881439209,842,31.951308488845825,842,32.29297590255737,842,32.6070511341095,840,33.01842427253723,840,33.343666076660156,840,33.68406558036804,840,33.99783945083618,840,34.4118766784668,840,34.73941922187805,840,35.108784198760986,840,35.45767855644226,840,35.79576277732849,840,36.139458656311035,840,36.47705292701721,840,36.86428117752075,840,37.470033407211304,840,37.766937494277954,840,38.06450176239014,840,38.415935039520264,840,38.738022565841675,840,39.10032391548157,840,39.50261640548706,840,39.81605052947998,840,40.17207336425781,840,40.47754764556885,840,40.82034373283386,840,41.197521924972534,840,41.51268935203552,840,41.82045650482178,840,42.12360405921936,840,42.886394023895264,840,43.28151774406433,840,43.68667817115784,840,44.05196523666382,840,44.412248373031616,840,44.71883463859558,840,45.02463150024414,840,45.4428813457489,838,45.79836940765381,837,46.25340127944946,837,46.554036140441895,837,46.90302920341492,836,47.3442108631134,836,47.66591143608093,836,47.97963237762451,836,48.32102680206299,836,48.63915467262268,836,49.03236436843872,836,49.3477303981781,835,51.177512407302856,835,51.49412679672241,835,51.79084920883179,835,52.53342604637146,835,53.37458825111389,835,53.67167615890503,835,53.991294384002686,833,54.45736837387085,833,54.79295039176941,832,55.15648412704468,832,55.45783019065857,831,55.9015109539032,831,56.31032156944275,831,59.389639377593994,831,59.71352458000183,831,60.05021643638611,831,60.360923290252686,831,60.66359257698059,831,60.99180293083191,831,61.44068765640259,831,61.74494910240173,829,62.16820502281189,829,62.46390914916992,829,62.793837547302246,829,63.148834466934204,829,63.48821258544922,829,63.85085678100586,829,64.9991204738617,829,65.32139754295349,826,65.68315505981445,826,66.01167964935303,824,66.39498090744019,823,66.763023853302,823,67.13001847267151,823,67.42882061004639,822,67.79663944244385,822,68.12533450126648,822,68.50540804862976,822,68.85280561447144,822,69.18361902236938,822,69.48933696746826,822,69.84617304801941,820,70.25323486328125,819,70.64275646209717,819,71.04402709007263,812,71.40079760551453,809,71.82791018486023,807,72.20927834510803,802,72.59048891067505,800,72.94975900650024,799,73.41976404190063,799,73.71803212165833,797,74.09370923042297,794,74.48100185394287,794,74.79743790626526,794,75.11951518058777,793,75.48066020011902,792,75.86163663864136,792,76.20314311981201,791,76.56825995445251,790,76.95898509025574,789,77.3681013584137,788,77.75925993919373,788,78.06394839286804,788,78.37470006942749,784,78.72402834892273,784,79.03685855865479,783,79.40574097633362,783,79.72150492668152,781,80.07211422920227,781,80.42074346542358,780,80.78258800506592,780,81.10353541374207,780,81.44907641410828,780,81.7465009689331,780,82.06867933273315,780,82.80978870391846,780,83.21002459526062,779,83.55555391311646,779,83.86499166488647,779,84.15488362312317,779,84.49001002311707,779,84.88848757743835,779,85.58467316627502,779,85.9874324798584,779,86.29778957366943,779,86.66554355621338,779,87.03675055503845,779,87.33976578712463,779,87.6760458946228,779,87.97093200683594,779,88.29591417312622,779,88.61932754516602,779,88.95928621292114,779,89.27619576454163,779,89.70743584632874,779,90.01574301719666,779,90.34196853637695,779,90.7219808101654,779,91.12200403213501,779,91.42546606063843,779,91.75683093070984,779,92.1200897693634,779,92.44802761077881,779,92.83216094970703,779,93.2059097290039,779,93.56712198257446,779,93.90797996520996,779,94.22281765937805,779,94.53896713256836,779,94.85435676574707,779,95.21431994438171,779,95.5420331954956,779,95.84190487861633,779,96.16540455818176,779,96.50084042549133,779,96.78713870048523,779,97.1121780872345,779,97.45242309570312,779,97.76923537254333,779,98.08375096321106,779,98.50782537460327,779,98.87360429763794,779,99.24133610725403,779,99.55260467529297,779,99.91914820671082,779,100.23563480377197,779,100.55925869941711,779,100.88813328742981,779,101.26321625709534,779,101.58474636077881,779,101.8849766254425,779,102.23892974853516,779,102.54522347450256,779,102.86715483665466,779,103.19968938827515,779,103.51373791694641,779,103.85780119895935,779,104.17947101593018,779,104.5194456577301,779,104.84754514694214,779,105.18177056312561,779,105.47464847564697,779,105.802499294281,779,106.14210247993469,779,106.5901448726654,779,106.88786363601685,779,107.21638512611389,779,107.53870463371277,779,107.85166597366333,779,108.18899941444397,779,108.57438349723816,779,108.92421102523804,779,109.22909641265869,779,109.54371857643127,779,109.84562373161316,779,110.2276291847229,779,110.61131024360657,779,111.03778624534607,779,111.35995721817017,779,111.69065546989441,779,112.01324486732483,779,112.36485004425049,779,112.66964530944824,779,112.97599196434021,779,113.3151319026947,779,113.7269241809845,779,114.04665040969849,779,114.38267993927002,779,114.70262455940247,779,115.08312606811523,779,115.38429021835327,779,115.68922591209412,779,116.01278066635132,779,116.33333969116211,779,116.64931797981262,779,117.02376532554626,779,117.38409304618835,779,117.72273707389832,779,118.04503154754639,779,118.47757148742676,779,118.87528848648071,779,119.2018940448761,779,119.5494236946106,779,119.83971786499023,779,120.15120673179626,779,120.55720567703247,779,120.90229630470276,779,121.20373606681824,779,121.49696516990662,779,121.79857683181763,779,122.15458679199219,779,122.44912433624268,779,122.77142882347107,779,123.07701444625854,779,123.38911700248718,779,123.79644393920898,779,124.11791610717773,779,124.4392352104187,779,124.75920152664185,779,125.07493329048157,779,125.47307682037354,779,125.81122374534607,779,126.18950009346008,779,126.49649810791016,779,126.78499960899353,779,127.39334225654602,779,127.7259795665741,779,128.43691229820251,779,128.83187103271484,779,129.17384314537048,779,129.53687930107117,779,130.31529116630554,779,130.6940951347351,779,131.019859790802,779,131.35177874565125,779,131.66754031181335,779,132.0062975883484,779,132.33593559265137,779,132.7089695930481,779,133.01724457740784,779,133.38762021064758,779,133.76377201080322,779,134.13426542282104,779,134.49778175354004,779,134.8535659313202,779,135.25092673301697,779,135.57003784179688,779,135.9050064086914,779,136.25604701042175,779,136.63883233070374,779,136.96588253974915,779,137.33261394500732,779,137.6447992324829,779,137.97172856330872,779,138.34676957130432,779,138.67575812339783,779,139.0418939590454,779,139.36724972724915,779,139.68245911598206,779,140.0004506111145,779,140.332129240036,779,140.66268014907837,779,141.01420855522156,775,141.40036296844482,775,141.76803588867188,775,142.13144516944885,775,142.45603609085083,775,142.81892156600952,775,143.13141870498657,775,143.44593930244446,775,143.78525638580322,775,144.1964819431305,775,144.52170944213867,775,144.8742618560791,775,145.24864268302917,775,145.57088541984558,775,145.96708416938782,775,146.26066875457764,775,146.62627863883972,775,147.08156204223633,775,147.41313695907593,775,147.7169952392578,775,148.03138732910156,775,148.33209705352783,775,148.638840675354,775,148.98246812820435,775,149.3317906856537,775,149.64588809013367,775,150.36274552345276,775,150.6929051876068,775,151.00690579414368,775,151.41358494758606,775,151.71595811843872,775,152.02185988426208,775,152.79610800743103,775,153.1966791152954,775,153.5042712688446,775,153.86736345291138,775,154.1626057624817,775,154.523131608963,775,154.92789101600647,775,155.22580313682556,775,155.55161905288696,775,155.9206190109253,775,156.23841500282288,775,156.56367659568787,775,156.90719366073608,775,157.23650312423706,775,157.59988856315613,775,157.99198412895203,775,158.30903697013855,775,158.66562342643738,775,158.99899888038635,775,159.3185293674469,775,159.74922227859497,775,160.0470016002655,775,160.40629982948303,775,160.7952582836151,775,161.11470675468445,775,161.40619611740112,775,161.7332911491394,775,162.02875876426697,775,162.39699983596802,775,162.75942826271057,775,163.07626819610596,775,163.41168785095215,775,163.79782557487488,775,164.17258429527283,775,164.52521657943726,775,164.86732482910156,775,165.21334290504456,775,165.58775544166565,775,165.95086240768433,775,166.2615783214569,775,166.58937859535217,775,166.91294074058533,775,167.24024939537048,775,167.56486010551453,775,167.90278029441833,775,168.20413541793823,775,168.5705919265747,775,168.9495906829834,775,169.3373363018036,775,169.6633586883545,775,170.014550447464,775,170.3461093902588,775,170.73356771469116,775,171.14678716659546,775,171.45916843414307,775,171.77186846733093,775,172.12328791618347,775,172.55206894874573,775,172.94876265525818,775,173.26709747314453,775,173.58694410324097,775,173.96223402023315,775,174.3092064857483,775,174.6282558441162,775,174.9445605278015,775,175.3213174343109,774,175.78675246238708,767,176.21413016319275,767,176.57656860351562,767,177.2927281856537,765,177.7677674293518,765,178.10340929031372,763,179.99688076972961,763,180.33222484588623,763,180.66106367111206,763,180.96691823005676,763,181.2842562198639,763,181.61001443862915,763,181.94622588157654,763,182.31600522994995,763,182.64894151687622,763,183.05087876319885,763,183.38526606559753,763,183.7300992012024,763,184.03712511062622,763,184.36580729484558,763,184.6716685295105,763,184.9949333667755,763,185.3216314315796,763,186.08664512634277,763,186.45931839942932,763,186.76700472831726,763,187.14047956466675,763,187.4634792804718,763,187.7883222103119,763,188.09053301811218,763,188.4023516178131,763,189.46608185768127,763,189.86472702026367,763,190.2052834033966,763,190.52047038078308,763,190.88096356391907,763,191.20991945266724,763,191.53824877738953,763,191.8479986190796,763,192.18262267112732,763,192.51744389533997,763,192.87934160232544,763,193.19614124298096,763,193.52094101905823,763,193.83089971542358,763,194.19385170936584,763,194.5211057662964,763,194.8487331867218,763,195.25249338150024,763,195.61058735847473,763,195.93563055992126,763,196.255699634552,763,196.6360306739807,763,196.9631998538971,763,197.2576723098755,763,197.56402611732483,763,197.87949085235596,763,198.20483875274658,763,198.94597029685974,763,199.29018783569336,763,200.08839964866638,763,200.41488361358643,763,200.76278924942017,763,201.11479830741882,763,201.4469244480133,763,201.7740557193756,763,202.51218223571777,763,202.91452383995056,763,203.3112509250641,763,203.64253067970276,763,203.97352480888367,763,204.30179929733276,763,204.63659286499023,763,204.97594022750854,763,205.2890818119049,763,205.63149571418762,763,206.4909348487854,763,207.3203456401825,763,207.6569480895996,763,208.03121781349182,763,208.3531460762024,763,208.74778723716736,763,209.07165908813477,763,209.42439079284668,763,209.77140355110168,763,210.08908247947693,763,210.4176778793335,763,210.75952911376953,763,211.04628992080688,762,211.4436376094818,762,211.8056013584137,761,212.19633197784424,759,212.51552057266235,759,212.82548332214355,758,213.59595346450806,758,213.9425597190857,758,214.2839343547821,758,214.60991740226746,758,215.02911639213562,758,215.37010526657104,758,215.67980647087097,758,216.02341985702515,758,216.35878586769104,758,216.68266677856445,758,217.02097487449646,758,217.33343744277954,758,217.66391777992249,758,218.0117838382721,758,218.3579866886139,758,218.67429208755493,758,218.9843451976776,758,219.31862211227417,758,219.61395692825317,758,219.9186611175537,758,220.23311805725098,758,220.56705260276794,758,220.90225100517273,758,221.23148918151855,758,221.54331254959106,758,221.9077262878418,758,222.2373983860016,758,222.53893065452576,758,222.8478102684021,758,223.18646693229675,758,223.5251829624176,758,223.8299698829651,758,224.14596796035767,758,224.45716452598572,758,224.78195428848267,758,225.1015260219574,758,225.43928241729736,758,225.82208585739136,758,226.1619427204132,758,226.47463464736938,758,226.88343787193298,758,227.212495803833,758,227.5295627117157,758,227.85918641090393,758,228.28746700286865,758,228.61142921447754,758,228.9278814792633,758,229.33306074142456,758,229.62673664093018,758,229.9237449169159,758,230.28741931915283,758,230.59545946121216,758,230.9008584022522,758,231.272686958313,758,231.61620163917542,758,231.93506360054016,758,232.2779664993286,758,232.6329345703125,758,233.0331060886383,758,233.35601830482483,758,233.67005896568298,758,234.01822233200073,758,234.3475046157837,758,234.68260145187378,758,235.05580258369446,758,235.4068534374237,758,235.71843957901,758,236.1025583744049,758,236.42716717720032,758,236.75735020637512,758,237.06870985031128,758,237.4384617805481,758,237.77388334274292,758,238.14670395851135,758,238.51578569412231,758,238.83713293075562,758,239.14256691932678,758,239.519282579422,758,239.87252068519592,758,240.2570595741272,758,240.58409523963928,758,240.9518918991089,758,241.3320460319519,758,241.66136360168457,758,242.02149868011475,758,242.33848190307617,758,242.68192720413208,758,242.99794578552246,758,243.36312532424927,758,243.75398969650269,758,244.056077003479,758,244.37648010253906,758,244.6779260635376,758,244.99422073364258,758,245.3328287601471,758,245.6881914138794,758,245.99378371238708,758,246.31626224517822,758,246.61738896369934,758,246.9322545528412,758,247.2545201778412,758,247.57210302352905,758,247.9248366355896,758,248.2532992362976,758,248.61607193946838,758,248.94952702522278,758,249.32284450531006,758,249.65176367759705,758,249.9880132675171,758,250.31377863883972,758,250.622394323349,758,250.95412588119507,758,251.25235438346863,758,251.56365036964417,758,252.29334139823914,758,252.6399965286255,758,252.9625792503357,758,253.30305075645447,758,253.73264288902283,758,254.04797053337097,758,254.4403567314148,758,254.7752492427826,758,255.07690811157227,758,255.4763023853302,758,255.88593244552612,758,256.2545049190521,758,256.5604248046875,758,256.87435030937195,758,257.1807839870453,758,257.47980523109436,758,257.8013105392456,758,258.12881898880005,758,258.48430466651917,758,258.8832850456238,758,259.2183828353882,758,259.52128076553345,758,259.9319713115692,758,260.23898339271545,758,260.6001353263855,758,260.9191379547119,758,261.2315089702606,758,261.5900728702545,758,261.94305443763733,758,262.3127808570862,758,262.6395511627197,758,263.0002520084381,758,263.3192775249481,758,263.6277437210083,758,263.94456672668457,758,264.257905960083,758,264.61695742607117,758,264.94388008117676,758,265.24638628959656,758,265.9879341125488,758,266.34102487564087,758,266.80459856987,758,267.12937021255493,758,267.4396438598633,758,267.75713181495667,758,268.07248997688293,758,268.4692199230194,758,268.77594327926636,758,269.12258553504944,758,269.4673309326172,758,269.7902970314026,758,270.16167640686035,758,270.4778435230255,758,270.8076136112213,758,271.1357855796814,758,271.5004425048828,758,271.8890869617462,758,272.19333052635193,758,272.5280194282532,758,272.85804414749146,758,273.20145297050476,758,273.5915834903717,758,273.91300320625305,758,274.22181606292725,758,274.5683629512787,758,274.9641578197479,758,275.27409958839417,758,275.60117268562317,758,276.01408314704895,758,276.38992261886597,758,276.75855469703674,758,277.09300994873047,758,277.4015476703644,758,277.72380924224854,758,278.0760099887848,758,278.3800299167633,758,278.7653911113739,758,279.1195924282074,758,279.48282122612,758,279.8017752170563,758,280.1178297996521,758,280.42640686035156,758,280.86847615242004,758,281.3093547821045,758,281.64549803733826,758,281.9907765388489,758,282.32268357276917,758,282.6465449333191,758,282.9765257835388,758,283.2998993396759,758,283.65181589126587,758,283.963974237442,758,284.2708971500397,758,284.96590280532837,758,285.6702537536621,758,286.05099987983704,758,286.3868706226349,758,286.7571671009064,758,287.07276797294617,758,287.3875892162323,758,287.7035856246948,758,288.01661944389343,758,288.3450574874878,758,288.6365282535553,758,288.99173164367676,758,289.3406012058258,758,289.7034182548523,758,290.0987150669098,758,290.4073510169983,758,290.739187002182,758,291.10899353027344,758,291.4242436885834,758,291.79380774497986,758,292.10635352134705,758,292.4308693408966,758,292.7459146976471,758,293.1559612751007,758,293.4720299243927,758,293.7657630443573,758,294.059383392334,758,294.82095766067505,758,295.1922376155853,758,295.5405149459839,758,295.87330961227417,758,296.1970965862274,758,296.6085216999054,758,296.951265335083,758,297.34667587280273,758,297.726895570755,758,298.05540013313293,758,298.4063665866852,758,298.72594928741455,758,299.05058431625366,758,299.35410737991333,758,299.6877808570862,758,300.0401406288147
2,random graphs/triangle/r1.5k24n16/graph2.lgbin,2691,200.57035183906555,804,1672,0,1524,0.5388779640197754,1388,0.8985042572021484,1301,1.3167521953582764,1237,1.7147269248962402,1153,2.1454055309295654,1111,2.539714813232422,1078,2.9202911853790283,1042,3.363715648651123,1023,3.780694007873535,997,4.228134632110596,963,4.8978660106658936,961,5.494048833847046,955,5.864246368408203,949,6.30910849571228,942,6.694627046585083,940,7.374898195266724,940,7.7711451053619385,936,8.153694868087769,934,8.5157310962677,934,8.809438467025757,932,9.216746807098389,931,9.731470823287964,922,10.222790241241455,922,10.792304754257202,922,11.114755630493164,920,11.742915391921997,917,12.135918378829956,914,12.550353527069092,914,12.918372869491577,911,13.30997085571289,911,13.669881105422974,911,13.977676391601562,909,14.347570896148682,906,14.71367359161377,905,15.381932735443115,904,15.752846956253052,904,16.07478356361389,902,16.54340124130249,898,16.936861753463745,898,17.26350235939026,893,17.801111459732056,890,18.17961812019348,890,18.51439905166626,888,18.900984525680542,887,19.29958939552307,886,19.677624464035034,886,20.015583992004395,886,20.434446334838867,886,20.765297412872314,886,21.160333395004272,884,21.7717604637146,884,22.16154980659485,882,22.545993328094482,882,22.84709143638611,882,23.21726965904236,880,23.69830012321472,880,24.057185411453247,880,24.405636310577393,879,24.801576137542725,879,25.147484064102173,878,25.541518449783325,878,25.85770058631897,878,26.17205572128296,878,26.50633215904236,878,27.27165675163269,878,27.59438729286194,878,27.914125204086304,877,28.327608346939087,873,28.677412033081055,872,29.21738362312317,871,29.63564419746399,868,30.01196312904358,868,30.340914726257324,868,30.705087184906006,867,31.051170825958252,865,31.51488184928894,865,31.823229789733887,860,32.20795941352844,860,32.53330659866333,860,32.85558557510376,860,33.215343713760376,860,33.55658841133118,860,33.88256597518921,860,34.186118602752686,860,34.65170884132385,860,35.0296790599823,860,35.33874011039734,859,35.72482204437256,859,36.08280634880066,859,36.43060350418091,859,36.74845337867737,859,37.07682514190674,859,37.436402320861816,854,37.84557747840881,851,38.29391551017761,851,38.621936082839966,851,38.98443865776062,851,39.3776638507843,850,39.79889440536499,849,40.213390588760376,846,40.57300353050232,846,40.936365842819214,845,41.35135793685913,843,42.0772545337677,834,42.53697466850281,834,42.871575593948364,834,43.244648933410645,832,43.56248688697815,829,44.04777383804321,828,44.45794177055359,828,44.844669342041016,826,45.26775121688843,822,45.92228364944458,820,46.291545152664185,820,46.62357950210571,820,46.94838094711304,820,47.32168412208557,818,47.73560881614685,818,48.0811653137207,818,48.87144112586975,818,49.195266008377075,818,49.53758263587952,818,50.11775255203247,818,50.42326307296753,818,50.882115840911865,818,51.244356632232666,818,51.60755634307861,818,52.00152921676636,815,52.415844202041626,812,52.79888439178467,812,53.109604358673096,812,53.46790885925293,812,53.79141926765442,812,54.17325210571289,812,54.48329710960388,812,54.79796028137207,812,55.10999035835266,812,55.514119386672974,812,55.84110498428345,812,56.16611981391907,812,56.55649423599243,812,56.863760471343994,812,57.181254386901855,812,57.5157470703125,812,57.84359335899353,812,58.153785705566406,812,58.45625591278076,812,58.800424337387085,812,59.12152433395386,812,59.556398153305054,812,59.87354302406311,812,60.18169379234314,812,60.52884125709534,812,60.854498863220215,811,61.248862504959106,811,61.584670543670654,811,61.903424978256226,810,62.27574396133423,810,62.618589639663696,810,63.347843170166016,810,64.040536403656,810,64.4114887714386,810,64.77342462539673,810,65.17626070976257,810,65.5278594493866,810,65.83683514595032,810,66.15921545028687,810,66.6109209060669,810,66.93605208396912,810,67.26175308227539,810,67.61270070075989,810,67.924729347229,810,68.21809196472168,810,68.53193759918213,810,68.87691259384155,810,69.19103670120239,810,69.49932074546814,810,69.82009482383728,810,70.13707399368286,810,70.45105838775635,810,70.81861090660095,810,71.18214130401611,810,71.48538064956665,810,71.81311225891113,810,72.13348746299744,810,72.54576873779297,810,72.89242601394653,810,73.242356300354,810,73.54896807670593,810,73.94726347923279,810,74.28185939788818,810,74.6408314704895,810,74.97261762619019,810,75.32910895347595,810,75.67956614494324,810,76.09031653404236,810,76.39200019836426,810,76.76443314552307,810,77.08027505874634,810,77.40792560577393,810,77.73720049858093,810,78.0646162033081,810,78.49290704727173,810,78.83866691589355,810,79.18253350257874,810,79.5146095752716,810,79.84241223335266,810,80.15865683555603,810,80.50380373001099,810,80.82707667350769,810,81.19086742401123,810,81.49325346946716,810,81.87551856040955,810,82.3364987373352,810,82.66155242919922,810,83.00238704681396,810,83.31762838363647,810,83.6725206375122,810,84.01550769805908,810,84.38839912414551,810,84.75297260284424,810,85.2080147266388,810,85.56586241722107,810,85.9702296257019,810,86.33193898200989,810,87.07415056228638,810,87.45951700210571,810,87.77979946136475,810,88.14683294296265,810,88.46231889724731,810,88.77682280540466,810,89.09374213218689,810,89.42821645736694,810,89.73120474815369,810,90.03570055961609,810,90.37160325050354,810,90.75592374801636,810,91.14368271827698,810,91.47557830810547,810,91.84562969207764,810,92.17847084999084,810,92.50581073760986,810,92.90105962753296,810,93.2904224395752,810,93.66360473632812,810,94.04242897033691,810,94.4485912322998,810,94.80096864700317,810,95.11933422088623,810,95.50881767272949,810,95.85190105438232,810,96.17143034934998,810,96.50012016296387,810,96.82393598556519,810,97.15918207168579,810,97.4993348121643,810,97.81220746040344,810,98.15401315689087,810,98.46947956085205,810,98.8014669418335,810,99.12922739982605,810,99.49055051803589,810,99.82238411903381,810,100.21292400360107,810,100.6022298336029,810,100.91333842277527,810,101.25314593315125,810,101.57156419754028,810,101.92746806144714,810,102.25787472724915,810,102.56990313529968,810,102.8969795703888,810,103.22566437721252,810,103.6321702003479,810,103.99815559387207,810,104.30711817741394,810,104.6482834815979,808,105.03218650817871,808,105.41140079498291,806,105.83134841918945,806,106.16552305221558,806,106.48825526237488,806,106.78755521774292,806,107.10002946853638,806,107.42611622810364,806,107.83948397636414,806,108.1735908985138,806,108.56423091888428,806,108.88643479347229,806,109.20258903503418,806,109.51108288764954,806,109.86653423309326,806,110.22623324394226,806,110.54532980918884,806,110.93905377388,806,111.29638767242432,806,111.65649461746216,806,112.00401377677917,806,112.31611514091492,806,112.67616438865662,806,113.00078415870667,806,113.33438658714294,806,113.67778396606445,806,114.07641363143921,806,114.37757754325867,806,114.7208821773529,806,115.053395986557,806,115.42187881469727,806,115.78524255752563,806,116.14038395881653,806,116.47916030883789,806,116.87414336204529,806,117.22080135345459,806,117.53990173339844,806,117.91902232170105,806,118.3013904094696,806,118.69809770584106,806,118.9967930316925,806,119.31425547599792,806,119.6558084487915,806,119.96747422218323,806,120.36790442466736,806,120.68922233581543,806,120.99267315864563,806,121.32640624046326,806,121.6696515083313,806,121.97772884368896,806,122.32456970214844,806,122.70645070075989,806,123.0656955242157,806,123.39394044876099,806,123.72827172279358,806,124.04529023170471,806,124.37368583679199,806,124.69055104255676,806,125.0998067855835,806,125.43809127807617,806,125.76551055908203,806,126.07805466651917,806,126.37598824501038,806,126.79133987426758,806,127.12612915039062,806,127.43563628196716,806,127.7704119682312,806,128.10243463516235,806,128.4619481563568,806,128.86814403533936,806,129.35513305664062,806,129.70222210884094,806,130.05590867996216,806,130.37517094612122,806,130.6782100200653,806,131.00591588020325,806,131.34652495384216,806,131.6638307571411,806,132.08328819274902,806,132.45933985710144,806,132.79832458496094,806,133.21382665634155,806,133.60953903198242,806,133.949072599411,806,134.26708221435547,806,134.57236123085022,806,134.9047462940216,806,135.2795433998108,806,135.61279034614563,806,135.95217442512512,806,136.33392024040222,806,136.7053940296173,806,137.0166721343994,806,137.30658745765686,806,137.63825154304504,806,137.97128343582153,806,138.2969958782196,806,138.6064338684082,806,138.9465138912201,806,139.27187085151672,806,139.60657620429993,806,139.92839455604553,806,140.29011845588684,806,140.58854031562805,806,140.88833928108215,806,141.2607593536377,806,141.61174035072327,806,141.91980290412903,806,142.27624678611755,806,142.58461570739746,806,142.93962907791138,806,143.26920223236084,806,143.57423639297485,806,143.89250254631042,806,144.2165687084198,806,144.5889401435852,806,144.90577864646912,806,145.39595770835876,806,145.7563054561615,806,146.0942258834839,806,146.44366645812988,806,146.76265573501587,806,147.08374166488647,806,147.3878562450409,806,147.79911279678345,806,148.11534523963928,806,148.50035691261292,806,148.8287923336029,806,149.13623189926147,806,149.46025776863098,806,149.83342289924622,806,150.20888018608093,806,150.5598177909851,806,150.95165634155273,806,151.29779386520386,806,151.6182985305786,806,151.9448344707489,806,152.3162088394165,806,152.6415512561798,806,153.03854703903198,806,153.38310313224792,806,153.71226477622986,806,154.03047943115234,806,154.3583984375,806,154.69219040870667,806,155.0191297531128,806,155.3099296092987,806,155.643319606781,806,155.96442985534668,806,156.31321048736572,806,156.66214752197266,806,156.99208664894104,806,157.3414490222931,806,157.67228388786316,806,157.99641680717468,806,158.4144365787506,806,158.76016569137573,806,159.13930106163025,806,159.48404693603516,806,159.80772399902344,806,160.11363911628723,806,160.4265365600586,806,160.81545639038086,806,161.24649810791016,806,161.60245537757874,806,161.94044137001038,806,162.35594964027405,806,162.67995810508728,806,162.9879276752472,806,163.33473873138428,806,163.65238332748413,806,163.98526310920715,806,164.365464925766,806,164.66172051429749,806,164.96174931526184,806,165.28364849090576,806,165.58945488929749,806,165.88986802101135,806,166.2153160572052,806,166.52920579910278,806,166.91208624839783,806,167.24223470687866,806,167.56508803367615,806,167.91920590400696,806,168.243905544281,806,168.61695957183838,806,168.97071385383606,806,169.3291211128235,806,169.6508285999298,806,169.99191546440125,806,170.33241486549377,806,170.73169684410095,806,171.17744302749634,806,171.5883800983429,806,171.91104459762573,806,172.2593536376953,806,172.5738604068756,806,172.8991460800171,806,173.2704358100891,806,173.5906777381897,806,173.90557718276978,806,174.23248291015625,806,174.61043071746826,806,174.95720195770264,806,175.302720785141,806,175.69319224357605,806,176.05868530273438,806,176.3767056465149,806,176.68939399719238,806,177.00066137313843,806,177.33164167404175,806,177.70290112495422,806,178.04433393478394,806,178.38055515289307,806,178.7061972618103,806,179.064772605896,806,179.40447878837585,806,179.81999588012695,806,180.18982195854187,806,180.53552055358887,806,180.89654970169067,806,181.2651970386505,806,181.58815693855286,806,181.97571778297424,806,182.34225177764893,806,182.73511695861816,806,183.0443344116211,806,183.43984627723694,806,183.77920055389404,806,184.12106585502625,806,184.44602608680725,806,184.80456924438477,806,185.16296863555908,806,185.50614404678345,806,185.93796467781067,806,186.27081632614136,806,186.5722153186798,806,186.8970890045166,806,187.27490162849426,806,187.60991191864014,806,187.97594475746155,806,188.36860918998718,806,188.68023490905762,806,189.01470804214478,806,189.34875345230103,806,189.68522715568542,806,190.04004073143005,806,190.38425731658936,806,190.69909739494324,806,191.04441928863525,806,191.37501168251038,806,191.67978858947754,806,192.1135380268097,806,192.48993372917175,806,192.81690120697021,806,193.15896821022034,806,193.75097799301147,806,194.13618636131287,806,194.4840226173401,806,194.84721994400024,806,195.20954370498657,806,195.57050204277039,806,195.9712200164795,806,196.30042338371277,806,196.66258883476257,806,196.97771215438843,806,197.34362268447876,806,197.72444486618042,806,198.07885837554932,806,198.4038166999817,806,198.78870010375977,806,199.10406589508057,806,199.49717354774475,806,199.84819793701172,806,200.20909476280212,806,200.52996683120728,806,200.8778862953186,806,201.19260787963867,806,201.559175491333,806,201.89892768859863,806,202.2547309398651,806,202.57534265518188,806,202.90220856666565,806,203.25227618217468,806,203.59596180915833,806,203.9233615398407,806,204.23557567596436,806,204.58538389205933,806,204.94124221801758,806,205.25972151756287,806,205.5896234512329,806,205.92771458625793,806,206.260009765625,806,206.62581849098206,806,207.00933647155762,806,207.3216414451599,806,207.63562083244324,806,207.95329904556274,806,208.42656922340393,806,208.76113891601562,806,209.1323733329773,806,209.45866799354553,806,209.81042981147766,806,210.1338245868683,806,210.49213576316833,806,210.83800864219666,806,211.1599407196045,806,211.55089569091797,806,211.84877848625183,806,212.19986176490784,806,212.5295057296753,806,212.85811352729797,806,213.1815323829651,806,213.48989748954773,806,213.8150086402893,806,214.13831448554993,806,214.859543800354,806,215.23239970207214,806,215.58748841285706,806,215.95637249946594,806,216.32171821594238,806,216.65437412261963,806,217.02177929878235,806,217.364910364151,806,217.66792345046997,806,217.97108459472656,806,218.35433292388916,806,218.68234992027283,806,218.98943853378296,806,219.31821751594543,806,219.64931416511536,806,220.0420162677765,806,220.35404896736145,806,220.71651458740234,806,221.0332453250885,806,221.34188985824585,806,221.6547589302063,806,221.96169447898865,806,222.3061842918396,806,222.67469358444214,806,222.98253631591797,806,223.37460923194885,806,223.6907422542572,806,224.07879447937012,806,224.44702744483948,806,224.778826713562,806,225.08808088302612,806,225.42377638816833,806,225.75528836250305,806,226.09139847755432,806,226.51566743850708,806,226.8425736427307,806,227.15041780471802,806,227.47794723510742,806,227.8002486228943,806,228.11113715171814,806,228.42996382713318,806,228.77546405792236,806,229.1982536315918,806,229.49992156028748,806,229.80578064918518,806,230.1942937374115,806,230.5467245578766,806,230.865571975708,806,231.2063868045807,806,231.53999400138855,806,231.87139868736267,806,232.1910321712494,806,232.5439920425415,806,232.89576959609985,806,233.21742177009583,806,233.55412793159485,806,233.86094212532043,806,234.17499923706055,806,234.5371162891388,806,234.85074830055237,806,235.17996549606323,806,235.4935781955719,806,235.8378884792328,806,236.16484022140503,806,236.4702398777008,806,236.77281403541565,806,237.09077501296997,806,237.3930423259735,806,237.7093963623047,806,238.0199007987976,806,238.36130452156067,806,238.67825603485107,806,239.0313470363617,806,239.37067866325378,806,239.73697996139526,806,240.06407403945923,806,240.3920476436615,806,240.72544264793396,806,241.04256534576416,806,241.3806757926941,806,241.78073477745056,806,242.14054799079895,806,242.9616894721985,806,243.3310956954956,806,243.64364409446716,806,243.97819876670837,806,244.3841483592987,806,244.72384548187256,806,245.05760955810547,806,245.37700414657593,806,245.71122360229492,806,246.03751754760742,806,246.36292624473572,806,246.7175567150116,806,247.0707037448883,806,247.40642070770264,806,247.7338125705719,806,248.05764198303223,806,248.3912148475647,806,248.73705053329468,806,249.12639498710632,806,249.44266653060913,806,249.74834728240967,806,250.08174061775208,806,250.435378074646,806,250.7662854194641,806,251.1042764186859,806,251.42583298683167,806,251.73975157737732,806,252.0729489326477,806,252.41117596626282,806,252.8053412437439,806,253.11665415763855,806,253.4301838874817,806,253.81091594696045,806,254.13586974143982,806,254.45810389518738,806,254.80392932891846,805,255.22970247268677,805,255.55851078033447,805,255.88716864585876,805,256.2659890651703,805,256.59199810028076,805,256.9983546733856,805,257.3144407272339,805,257.65034651756287,805,257.9695072174072,805,258.35289454460144,805,258.6680865287781,805,259.0104730129242,805,259.4023230075836,805,259.8131275177002,805,260.2040421962738,805,260.50003147125244,805,260.829496383667,805,261.16261863708496,804,261.6003875732422,804,261.9438829421997,804,262.2547435760498,804,262.59037566185,804,262.92299246788025,804,263.2229652404785,804,263.57154631614685,804,263.89760875701904,804,264.2308678627014,804,264.5745167732239,804,264.92523980140686,804,265.30397295951843,804,265.68902611732483,804,266.6138925552368,804,266.9525234699249,804,267.287650346756,804,267.6600317955017,804,267.9895212650299,804,268.30994033813477,804,268.64844393730164,804,268.9987554550171,804,269.39197731018066,804,269.7625117301941,804,270.0869779586792,804,270.404363155365,804,270.7325599193573,804,271.16199707984924,804,271.52461671829224,804,271.89273142814636,804,272.22437858581543,804,272.6821150779724,804,272.9761571884155,804,273.33044242858887,804,273.7047276496887,804,274.08675932884216,804,274.4032232761383,804,274.728045463562,804,275.0588414669037,804,275.43790888786316,804,275.74827671051025,804,276.0914304256439,804,276.4518837928772,804,276.8131744861603,804,277.1362855434418,804,277.5008351802826,804,277.8284149169922,804,278.1615948677063,804,278.51584243774414,804,278.82432293891907,804,279.13660311698914,804,279.5010600090027,804,279.8720602989197,804,280.2079508304596,804,280.53709983825684,804,280.839022397995,804,281.1997117996216,804,281.5167980194092,804,281.84492468833923,804,282.1769390106201,804,282.53838896751404,804,282.8894362449646,804,283.26338362693787,804,283.60068583488464,804,283.98803997039795,804,284.3429136276245,804,284.73710799217224,804,285.0553514957428,804,285.39484667778015,804,285.77750420570374,804,286.1092140674591,804,286.4420907497406,804,286.8474063873291,804,287.2178647518158,804,287.61210775375366,804,287.9299454689026,804,288.2582640647888,804,288.66546082496643,804,289.0407865047455,804,289.3599491119385,804,289.67451882362366,804,289.9849200248718,804,290.3088893890381,804,290.6456289291382,804,290.96524381637573,804,291.3102014064789,804,291.660382270813,804,291.9775698184967,804,292.3588845729828,804,292.77890157699585,804,293.13309812545776,804,293.483521938324,804,293.803915977478,804,294.1399655342102,804,294.5361096858978,804,294.8451852798462,804,295.2146706581116,804,295.5391352176666,804,295.91150760650635,804,296.2485270500183,804,296.66204810142517,804,297.040301322937,804,297.36234617233276,804,297.7380003929138,804,298.0692446231842,804,298.43124294281006,804,298.8052656650543,804,299.1329016685486,804,299.4493770599365,804,299.8905019760132,804,300.12658071517944
3,random graphs/triangle/r1.5k24n16/graph3.lgbin,2691,202.56232905387878,785,1682,0,1480,0.5182018280029297,1370,0.9311063289642334,1296,1.63551664352417,1189,2.0501604080200195,1120,2.444875717163086,1067,2.8123133182525635,1026,3.2979376316070557,1000,3.672499656677246,983,4.057032346725464,961,4.541289806365967,938,4.916414499282837,925,5.286661863327026,914,5.849236488342285,882,6.235067129135132,878,6.804398536682129,872,7.616590976715088,871,7.9877238273620605,863,8.431597709655762,862,8.816760301589966,862,9.113579750061035,862,9.871216297149658,862,10.188389778137207,862,10.515520811080933,862,10.829813718795776,861,11.182934761047363,860,11.481841802597046,856,11.918049812316895,856,12.255895853042603,856,12.594134330749512,854,12.972598552703857,853,13.375810861587524,851,13.744014263153076,848,14.249231338500977,847,14.567502737045288,844,15.156628370285034,844,15.469887495040894,843,15.794495820999146,839,16.18289542198181,838,16.5749409198761,838,16.96785306930542,838,17.32626724243164,838,17.62637972831726,838,17.933269500732422,837,18.32928729057312,837,18.66307020187378,836,19.047038793563843,836,19.36260747909546,835,19.725648403167725,834,20.19379425048828,834,20.513473987579346,834,20.816038608551025,834,21.142680168151855,834,21.486276865005493,833,21.863880157470703,833,22.225264310836792,833,22.540228366851807,833,22.896634101867676,833,23.23900055885315,833,23.55617046356201,833,23.886348485946655,833,24.330857753753662,833,24.65802264213562,833,24.984427213668823,832,25.32798671722412,832,25.65949773788452,831,26.078094005584717,831,26.418750286102295,828,26.796306848526,828,27.10642981529236,828,27.419334411621094,828,27.83968997001648,828,28.722832679748535,828,29.02637481689453,828,29.353285551071167,828,30.012113094329834,828,30.362872838974,827,30.76940679550171,826,31.151387691497803,825,31.58839988708496,825,31.9587299823761,824,32.369853496551514,824,32.73335552215576,824,33.10844397544861,824,33.88372564315796,824,34.2117075920105,824,35.01859450340271,824,35.3234441280365,824,35.623839378356934,824,35.94396638870239,824,36.287888050079346,823,36.733611822128296,823,37.09227919578552,823,37.46355152130127,823,37.78331661224365,823,38.11220669746399,823,38.44438624382019,823,38.76340365409851,822,39.10227036476135,822,39.396249771118164,822,39.720890283584595,822,40.04140591621399,822,40.369526386260986,822,40.688427686691284,822,41.103201389312744,822,41.48682522773743,822,41.82740664482117,822,42.229612588882446,822,42.61445093154907,822,42.965208530426025,822,43.2883415222168,822,43.608996868133545,822,43.93118906021118,822,44.60530662536621,822,44.934836626052856,822,45.286338090896606,822,45.59771537780762,822,45.891582012176514,822,46.180110454559326,822,46.54210448265076,822,46.85976243019104,822,47.19889044761658,822,47.508540391922,822,47.816813707351685,822,48.185251235961914,822,48.52415180206299,822,48.850926876068115,822,49.190454959869385,822,49.506683349609375,822,49.87021040916443,822,50.19064950942993,822,50.54655075073242,822,50.84801363945007,822,51.22122001647949,822,51.53713011741638,822,51.868520975112915,822,52.15989065170288,822,52.46313524246216,822,52.77216839790344,822,53.089563608169556,822,53.44331336021423,822,53.824373960494995,822,54.14496946334839,822,54.523876905441284,822,54.864662408828735,822,55.169249057769775,822,55.50379157066345,822,55.881094217300415,822,56.20479917526245,822,56.52656602859497,822,56.836756229400635,822,57.22418260574341,822,57.542590379714966,822,57.84652280807495,822,58.16091513633728,822,58.47165274620056,822,58.83346629142761,822,59.15976333618164,822,59.48625421524048,819,59.87580871582031,819,60.25381278991699,817,60.702569246292114,817,61.07716202735901,817,61.403913736343384,817,61.72662615776062,817,62.05596685409546,817,62.36502480506897,817,62.70993781089783,817,63.01878023147583,817,63.38278031349182,817,63.765385389328,817,64.08087491989136,817,64.41524481773376,817,64.73959922790527,817,65.03646850585938,817,65.37681841850281,817,65.68623781204224,817,66.00420999526978,817,66.33595204353333,817,66.65926909446716,817,66.99210023880005,817,67.3401403427124,817,67.63065671920776,817,68.05660676956177,817,68.36632180213928,817,69.08253121376038,817,69.39669346809387,817,69.72350454330444,817,70.04173731803894,817,70.38444828987122,817,70.74268794059753,817,71.04425883293152,817,71.35535883903503,815,71.766685962677,815,72.57054162025452,815,72.90049242973328,815,73.22281265258789,815,73.54070568084717,815,73.84442949295044,815,74.2070152759552,815,74.55855298042297,815,74.8728654384613,815,75.20115876197815,815,75.56791162490845,815,75.87796545028687,815,76.18571543693542,815,76.48960709571838,813,76.8447322845459,812,77.50058364868164,812,77.83734583854675,812,78.15063190460205,812,78.45579814910889,812,78.7809431552887,812,79.10408163070679,812,79.41641283035278,812,80.14219331741333,812,80.49968576431274,812,80.82363748550415,812,81.15263938903809,812,81.5287389755249,812,81.8242015838623,812,82.18271279335022,812,82.48868918418884,812,82.86625242233276,812,83.18919825553894,812,83.52105808258057,812,83.83432626724243,812,84.1947512626648,812,84.50319027900696,812,84.80714869499207,812,85.11788249015808,812,85.40652799606323,812,85.72576785087585,812,86.13004803657532,812,86.46272611618042,812,86.77115368843079,812,87.11324787139893,812,87.43803238868713,812,87.97967433929443,812,88.29651880264282,812,88.61687588691711,812,88.94694471359253,812,89.40556383132935,812,89.7584011554718,812,90.06484365463257,812,90.41168451309204,812,90.76384115219116,812,91.14335203170776,812,91.43653702735901,812,91.7421042919159,812,92.04500651359558,812,92.33707308769226,812,92.63896751403809,812,92.95070290565491,812,93.2417585849762,812,93.57308268547058,812,93.92129516601562,812,94.23161840438843,812,94.9424216747284,812,95.26132273674011,812,95.61207008361816,810,96.03110194206238,810,96.35604929924011,807,96.7821114063263,804,97.1514744758606,804,97.46275758743286,803,97.75674247741699,802,98.15923047065735,802,98.57066655158997,802,98.91856002807617,802,99.2503981590271,802,99.9809992313385,802,100.3709282875061,802,100.67908930778503,802,101.3459997177124,802,101.64682936668396,802,102.04228329658508,802,102.36088299751282,802,102.6653425693512,801,103.05085921287537,801,103.36275124549866,801,103.67042827606201,800,104.11243510246277,800,104.46271109580994,800,104.79920959472656,800,105.10592579841614,800,105.44672107696533,800,105.77719283103943,800,106.0920889377594,800,106.803471326828,800,107.15495300292969,800,107.51474738121033,800,107.83432984352112,800,108.13993334770203,800,108.46178960800171,800,108.78994560241699,800,109.15695428848267,800,109.46661472320557,800,110.15382289886475,800,110.53020548820496,798,110.9648642539978,798,111.26479744911194,798,111.56951546669006,798,111.90150499343872,798,112.21864151954651,797,112.57290053367615,797,112.88712668418884,797,113.25469303131104,797,113.62007188796997,797,113.95013236999512,797,114.30067992210388,797,114.63186478614807,797,114.99953627586365,797,115.34498572349548,797,115.67066931724548,796,116.0956757068634,796,116.40669441223145,796,116.77959847450256,795,117.14627718925476,795,117.49162364006042,795,117.82272386550903,795,118.1930890083313,795,118.49908900260925,795,118.79253482818604,795,119.19084858894348,795,119.54404187202454,795,119.83965539932251,795,120.21906280517578,795,120.52753782272339,795,120.84712672233582,795,121.21369457244873,795,121.49885511398315,795,121.806401014328,795,122.21154522895813,795,122.53675508499146,795,122.85673809051514,795,123.22301197052002,795,123.56664729118347,795,123.93090033531189,795,124.3201653957367,795,124.65045142173767,795,124.97511076927185,795,125.26334881782532,795,125.6366639137268,795,125.9635899066925,795,126.26927042007446,795,126.60740399360657,795,126.9175431728363,795,127.80307531356812,795,128.1496181488037,795,128.46532344818115,795,128.78279900550842,795,129.13507914543152,795,129.92796230316162,795,130.28502345085144,795,130.6823878288269,795,131.06228399276733,795,131.37065267562866,795,131.676265001297,795,131.95621347427368,795,132.27471590042114,795,132.6131088733673,795,132.9816131591797,795,133.29395723342896,795,133.6104793548584,795,133.9576563835144,795,134.32308721542358,795,134.6714153289795,795,135.0046088695526,795,135.30977821350098,795,135.62608528137207,795,135.9377179145813,795,136.28984212875366,795,136.633367061615,795,136.99551057815552,795,137.36653208732605,795,137.68914675712585,795,138.03294897079468,795,138.35377144813538,795,138.72814440727234,795,139.04520440101624,795,139.34984803199768,795,139.6619119644165,795,140.00483226776123,795,140.34086298942566,795,140.67145824432373,795,140.9939956665039,795,141.30949068069458,795,141.6621289253235,795,142.00466895103455,795,142.33088660240173,795,142.66094279289246,795,142.98704433441162,795,143.2997705936432,795,143.59378051757812,795,143.90949273109436,795,144.21576476097107,795,144.5603380203247,795,144.9043905735016,795,145.2280101776123,795,145.58025074005127,795,145.91104388237,795,146.22001910209656,795,146.5983488559723,795,146.98571634292603,795,147.30078864097595,795,147.59092044830322,795,147.90966057777405,795,148.23226261138916,795,148.5528576374054,795,148.87368369102478,795,149.19732117652893,795,149.50216054916382,795,149.83253479003906,795,150.14358043670654,795,150.44704008102417,795,150.76035499572754,795,151.54406714439392,795,151.8609607219696,795,152.23566389083862,795,152.6726269721985,795,152.99054384231567,795,153.331640958786,795,153.6535975933075,795,153.96974802017212,795,154.31108784675598,795,154.62295603752136,795,154.92991518974304,795,155.2845094203949,795,155.6235122680664,795,156.00319862365723,795,156.3093228340149,795,156.66519904136658,795,156.96863555908203,795,157.31559824943542,795,157.62892365455627,795,157.9686963558197,795,158.29465007781982,795,158.60527396202087,795,158.9696536064148,795,159.29419255256653,795,159.7451171875,795,160.05647730827332,795,160.37503671646118,795,160.6817479133606,795,160.98764538764954,795,161.31924748420715,795,161.66083407402039,795,162.07493543624878,795,162.38795685768127,795,163.10380744934082,795,163.47594666481018,795,163.80712699890137,795,164.11069536209106,795,164.46321320533752,795,164.82515025138855,795,165.1418137550354,794,165.58013606071472,790,166.01456952095032,790,166.37947392463684,788,166.7225000858307,787,167.11188626289368,785,167.5845184326172,785,167.9455943107605,785,168.27886819839478,785,168.64144325256348,785,168.9674108028412,785,169.3017873764038,785,169.63335824012756,785,169.95847082138062,785,170.2700400352478,785,170.62721419334412,785,170.99630188941956,785,171.31992292404175,785,171.6302890777588,785,171.94402170181274,785,172.23914861679077,785,172.5328767299652,785,172.85468888282776,785,173.15647649765015,785,173.47876453399658,785,173.79427576065063,785,174.08761310577393,785,174.46083211898804,785,174.78832268714905,785,175.10917854309082,785,175.5242211818695,785,175.84804010391235,785,176.21809911727905,785,176.53526759147644,785,176.83799719810486,785,177.15808510780334,785,177.5324466228485,785,177.83287262916565,785,178.14084219932556,785,178.45018029212952,785,178.80661010742188,785,179.21684622764587,785,179.56788396835327,785,179.8468074798584,785,180.14568567276,785,180.48890566825867,785,180.85168433189392,785,181.22662782669067,785,181.53579354286194,785,181.8966522216797,785,182.23410367965698,785,182.5401749610901,785,182.86817693710327,785,183.1692600250244,785,183.4934103488922,785,183.8299753665924,785,184.13615798950195,785,184.4653823375702,785,184.7968692779541,785,185.10923981666565,785,185.43601322174072,785,185.79135608673096,785,186.1419141292572,785,186.49659276008606,785,186.80450224876404,785,187.11979699134827,785,187.42414546012878,785,187.7745213508606,785,188.16514420509338,785,188.47153854370117,785,188.89640283584595,785,189.22103571891785,785,189.52635526657104,785,189.83861327171326,785,190.18610668182373,785,190.4834020137787,785,190.7884430885315,785,191.10103130340576,785,191.43329000473022,785,191.7797462940216,785,192.17354488372803,785,192.49712228775024,785,192.81354117393494,785,193.13206267356873,785,193.44688248634338,785,193.79962587356567,785,194.1113040447235,785,194.41031980514526,785,194.78888130187988,785,195.10022068023682,785,195.4186189174652,785,195.77025151252747,785,196.10130500793457,785,196.4612603187561,785,196.77280616760254,785,197.09972071647644,785,197.45713472366333,785,197.78173637390137,785,198.1071014404297,785,198.4221053123474,785,198.72232699394226,785,199.0417115688324,785,199.40086579322815,785,199.70944046974182,785,200.04022192955017,785,200.37339568138123,785,200.68560361862183,785,201.00188755989075,785,201.3104453086853,785,201.61467576026917,785,201.93046069145203,785,202.2492175102234,785,202.5911464691162,785,202.95202541351318,785,203.29290533065796,785,203.6512370109558,785,203.9837999343872,785,204.3299765586853,785,205.04521107673645,785,205.3696768283844,785,205.70496273040771,785,206.02577424049377,785,206.37187671661377,785,206.72668385505676,785,207.11058855056763,785,207.41049933433533,785,207.70273995399475,785,208.0558156967163,785,208.39454913139343,785,208.70913219451904,785,209.02013444900513,785,209.344069480896,785,209.66978073120117,785,209.98569464683533,785,210.34370231628418,785,210.77337098121643,785,211.13465237617493,785,211.52507209777832,785,211.863951921463,785,212.25759601593018,785,212.6246621608734,785,212.9588177204132,785,213.26190996170044,785,213.62041997909546,785,213.93418788909912,785,214.29102659225464,785,214.66310620307922,785,214.98477053642273,785,215.3298282623291,785,215.65888714790344,785,215.98804545402527,785,216.4400839805603,785,216.81986689567566,785,217.16519594192505,785,217.52409434318542,785,217.84021401405334,785,218.1572334766388,785,218.48192596435547,785,219.28656816482544,785,220.05624055862427,785,220.38131093978882,785,220.73218369483948,785,221.0702245235443,785,221.40661072731018,785,221.73433637619019,785,222.06343913078308,785,222.3815562725067,785,222.73184633255005,785,223.05922102928162,785,223.3650529384613,785,223.69338154792786,785,224.02271008491516,785,224.50479221343994,785,224.79523396492004,785,225.16480898857117,785,225.56292629241943,785,225.9131407737732,785,226.2655382156372,785,226.58898258209229,785,226.89102506637573,785,227.2066810131073,785,227.53739619255066,785,227.84986567497253,785,228.1851191520691,785,228.5019965171814,785,228.8156864643097,785,229.1562843322754,785,229.48043060302734,785,229.80336594581604,785,230.13133311271667,785,230.42840957641602,785,230.7613275051117,785,231.093843460083,785,231.42373633384705,785,231.73457860946655,785,232.09291315078735,785,232.42482113838196,785,232.85802459716797,785,233.18173384666443,785,233.49844336509705,785,233.88209438323975,785,234.21875739097595,785,234.52832651138306,785,234.9185173511505,785,235.2316403388977,785,235.5611789226532,785,235.87538647651672,785,236.19177150726318,785,236.5170657634735,785,236.84160923957825,785,237.1459321975708,785,237.50799417495728,785,237.83806490898132,785,238.13517260551453,785,238.46012926101685,785,238.8289122581482,785,239.1297323703766,785,239.44828510284424,785,239.760516166687,785,240.08296847343445,785,240.41194248199463,785,240.7773003578186,785,241.0872676372528,785,241.39967846870422,785,241.77847862243652,785,242.22207140922546,785,242.52322840690613,785,242.8480579853058,785,243.16114139556885,785,245.0746762752533,785,245.4381446838379,785,245.7657346725464,785,246.0822458267212,785,246.3910961151123,785,246.77463364601135,785,247.07442378997803,785,247.3969588279724,785,247.70100855827332,785,248.02803683280945,785,248.43007254600525,785,249.19032382965088,785,249.5084309577942,785,249.8704388141632,785,250.1947729587555,785,252.12143397331238,785,252.4897289276123,785,252.9308135509491,785,253.2531042098999,785,253.55182123184204,785,253.9012267589569,785,254.2292594909668,785,254.55840277671814,785,254.92503786087036,785,255.2306821346283,785,255.54421496391296,785,255.90191841125488,785,256.2329604625702,785,256.57767820358276,785,256.91420555114746,785,257.2411205768585,785,257.580717086792,785,257.8777930736542,785,258.21790313720703,785,258.5495364665985,785,260.5926864147186,785,260.93673610687256,785,261.3001174926758,785,261.61386227607727,785,261.9543571472168,785,262.2657766342163,785,262.665997505188,785,263.0098066329956,785,263.38244581222534,785,263.7405650615692,785,264.0532217025757,785,264.7101171016693,785,265.0237066745758,785,265.3299467563629,785,265.6769700050354,785,266.0214648246765,785,266.39778304100037,785,266.68544483184814,785,267.02991914749146,785,267.356938123703,785,267.6998484134674,785,268.0219841003418,785,268.38996267318726,785,268.728178024292,785,269.05258989334106,785,269.38580775260925,785,269.6942653656006,785,270.02678179740906,785,270.36651134490967,785,270.68826031684875,785,271.0153217315674,785,271.3824145793915,785,271.74655961990356,785,272.10572504997253,785,272.44384503364563,785,272.72994112968445,785,273.06036925315857,785,273.4509234428406,785,273.79610896110535,785,274.15142703056335,785,274.463942527771,785,274.80891823768616,785,275.1814720630646,785,275.5328583717346,785,275.9116780757904,785,276.24701714515686,785,276.6095278263092,785,276.9260084629059,785,277.2632420063019,785,277.6149034500122,785,277.9533517360687,785,278.2917015552521,785,278.6491165161133,785,278.99197483062744,785,279.2949516773224,785,279.64957332611084,785,279.9987051486969,785,280.30120730400085,785,280.64983439445496,785,280.95725893974304,785,281.28243923187256,785,281.6005711555481,785,281.9612646102905,785,282.30277729034424,785,282.6833119392395,785,282.9755482673645,785,283.2971155643463,785,283.60943627357483,785,283.9425995349884,785,284.3532016277313,785,284.68235874176025,785,284.97404646873474,785,285.4212439060211,785,286.0702049732208,785,286.3891875743866,785,286.7238953113556,785,287.0580744743347,785,287.39200592041016,785,287.72010493278503,785,288.09399604797363,785,288.4037971496582,785,288.73391914367676,785,289.56496691703796,785,289.9016330242157,785,290.2863767147064,785,290.6685104370117,785,290.99905610084534,785,291.29780316352844,785,291.61783814430237,785,291.94388246536255,785,292.2942714691162,785,292.6504933834076,785,292.97478580474854,785,293.28294587135315,785,293.5899705886841,785,293.900000333786,785,294.22698998451233,785,294.5418667793274,785,294.8835783004761,785,295.21807169914246,785,295.546751499176,785,295.87131428718567,785,296.19805908203125,785,296.52896070480347,785,296.8722777366638,785,297.21995282173157,785,297.52889919281006,785,297.82942509651184,785,298.158673286438,785,298.50747442245483,785,298.8227913379669,785,299.15858125686646,785,299.48102021217346,785,299.78150486946106,785,300.08046412467957
4,random graphs/triangle/r1.5k24n16/graph4.lgbin,2691,210.6322853565216,836,1770,0,1584,0.45824456214904785,1461,0.8610997200012207,1335,1.2647380828857422,1282,1.6496100425720215,1250,2.1791868209838867,1199,2.523125648498535,1164,2.9095962047576904,1131,3.335968255996704,1099,3.7169198989868164,1089,4.085989475250244,1074,4.596473455429077,1056,4.963388681411743,1047,5.367399454116821,1036,5.7576000690460205,1024,6.216308355331421,1018,6.713491678237915,1007,7.123451232910156,999,7.586530447006226,990,8.396174669265747,990,8.754499673843384,984,9.530197143554688,978,10.24217939376831,976,10.715739488601685,970,11.135257959365845,964,11.809050798416138,960,12.229787826538086,955,12.634318828582764,947,13.022980451583862,941,13.380624771118164,939,13.810433149337769,938,14.205530881881714,936,14.696043252944946,934,15.104383945465088,927,15.532798528671265,923,15.947951316833496,923,16.265841722488403,923,16.587184190750122,919,17.077566385269165,913,17.52361226081848,909,17.969626665115356,909,18.356101751327515,909,18.723593950271606,908,19.13783049583435,908,19.482178449630737,906,19.92316174507141,906,20.390972137451172,906,20.739973783493042,906,21.201637506484985,906,21.573222875595093,905,22.032726526260376,902,22.52990174293518,902,22.863699674606323,902,23.21699357032776,896,23.697202682495117,893,24.151477098464966,890,24.55860185623169,883,25.2560977935791,881,25.65330147743225,878,26.09201431274414,875,26.503380298614502,874,26.855725288391113,873,27.230908393859863,873,27.55342745780945,873,27.88799238204956,873,28.20432186126709,873,28.599844217300415,873,28.918954849243164,873,31.195961713790894,873,31.538444995880127,873,31.8687424659729,873,32.22007417678833,873,32.5691180229187,873,32.90452599525452,873,33.38770389556885,873,33.71291136741638,873,34.08501887321472,873,34.44367051124573,873,34.7656455039978,873,35.115086793899536,873,35.483351707458496,873,35.90234112739563,871,36.32000112533569,870,36.66633343696594,870,37.02199578285217,870,37.428563594818115,870,37.758859157562256,870,38.7956645488739,870,39.15219807624817,870,39.62394404411316,870,39.98734998703003,870,40.34307837486267,870,40.72990703582764,869,41.11568331718445,869,41.45600199699402,869,41.802820920944214,869,42.207571506500244,869,42.563979625701904,868,42.93710970878601,868,43.264479637145996,868,43.64232683181763,868,44.02758431434631,868,44.417277336120605,868,44.76448941230774,868,45.13072371482849,868,45.56478786468506,868,45.88107991218567,868,46.23154878616333,868,46.63074350357056,868,46.941126585006714,868,47.257601737976074,868,47.576213121414185,868,48.032944202423096,868,48.41130256652832,868,48.715813875198364,867,49.111817359924316,867,49.47868728637695,867,49.805357933044434,867,50.42490816116333,867,50.752681732177734,867,51.073010206222534,867,51.394814252853394,867,51.71907830238342,866,52.270934104919434,866,52.61094403266907,866,53.27178883552551,866,53.735116481781006,865,54.09428668022156,865,54.441405296325684,865,54.760788440704346,864,55.1563618183136,864,55.463722229003906,864,55.76774597167969,863,56.09529709815979,863,56.549888372421265,863,56.9061975479126,862,57.37553644180298,862,58.178977966308594,862,60.849578619003296,862,61.17556881904602,862,61.474608421325684,862,61.79430294036865,862,62.12897610664368,862,62.50765132904053,862,63.239431619644165,862,63.55624985694885,862,63.90292930603027,862,64.22118902206421,862,64.5792293548584,862,64.8796238899231,862,65.2230954170227,862,65.62513661384583,862,65.96166515350342,862,66.28688311576843,862,66.62012815475464,862,67.06847429275513,862,67.41095232963562,862,67.78631138801575,862,68.10898876190186,862,68.42774224281311,862,68.73242282867432,862,69.06498527526855,862,69.38603615760803,862,69.69290971755981,862,70.0935287475586,862,70.40700268745422,862,70.75092005729675,862,71.06872248649597,862,71.50295972824097,862,71.82946395874023,862,72.14936804771423,862,72.53234148025513,862,72.88650345802307,862,73.26510381698608,862,73.67512512207031,862,73.97139978408813,862,74.70696878433228,862,75.01928520202637,862,75.46411943435669,862,75.78393840789795,862,76.12976741790771,862,76.4902708530426,862,76.82025074958801,862,77.15210223197937,862,77.46727132797241,862,77.83935642242432,862,78.17982912063599,862,78.61933040618896,862,78.96021437644958,862,79.28567147254944,862,79.70658421516418,862,80.02105903625488,862,80.35780167579651,862,80.69234490394592,862,81.04593658447266,862,81.38873767852783,862,81.70213627815247,862,82.03128504753113,862,82.3568811416626,862,82.98516488075256,861,83.43307662010193,860,83.79206848144531,860,84.21752643585205,859,84.62239503860474,859,85.005286693573,859,85.35799074172974,859,85.68777585029602,858,86.07600212097168,858,86.4110460281372,858,86.8008406162262,858,87.0843563079834,858,87.46304774284363,858,87.7618317604065,858,88.34545755386353,858,88.66356825828552,858,88.97474813461304,858,89.30073237419128,858,89.67567205429077,858,89.98582410812378,858,90.68095088005066,858,90.99377489089966,858,91.36424708366394,858,91.68655586242676,858,92.07741904258728,858,92.37841510772705,858,92.77708411216736,858,93.21480965614319,858,93.53949761390686,858,93.8540472984314,858,94.1779305934906,858,94.49380111694336,858,94.85581660270691,858,95.25975179672241,858,95.64963006973267,858,95.99053168296814,858,96.34247088432312,858,96.72733235359192,858,97.1543755531311,858,97.61244320869446,858,97.92538714408875,858,98.28117322921753,858,98.58723783493042,858,98.90369701385498,858,99.35772967338562,858,99.72791647911072,858,100.05079364776611,858,100.37536525726318,858,100.74722385406494,858,101.1221239566803,858,101.55441617965698,858,101.91322803497314,858,102.34897351264954,858,102.67231774330139,858,102.96989130973816,858,103.32133316993713,858,103.64334273338318,858,103.95589423179626,858,104.320152759552,858,104.64142918586731,858,104.97903084754944,858,105.32849311828613,858,105.68840432167053,858,106.06798028945923,858,106.91580128669739,858,107.24196457862854,858,107.66573572158813,858,107.99240469932556,858,108.31290245056152,858,108.689444065094,858,109.0237238407135,858,109.34455847740173,858,109.70196151733398,858,110.02237677574158,858,110.40494155883789,858,110.75580525398254,858,111.0591299533844,858,111.89162373542786,858,112.19495153427124,858,112.52337455749512,858,112.92736625671387,858,113.29691219329834,858,113.63908290863037,858,114.40989398956299,858,114.72055697441101,858,115.04077768325806,858,115.36529040336609,858,115.7029356956482,858,116.05315780639648,858,116.41921067237854,858,116.82002019882202,858,117.16466212272644,858,117.48357892036438,858,117.80270910263062,858,118.17560148239136,858,118.48935103416443,858,119.15297317504883,858,119.46690344810486,858,119.8000853061676,858,120.15459775924683,858,120.46678423881531,858,121.21486592292786,858,121.58987307548523,858,122.08022379875183,858,122.49161648750305,858,122.81743931770325,858,123.125235080719,858,123.44237804412842,858,123.83241724967957,858,124.16751956939697,858,124.47243642807007,858,124.83034539222717,858,125.17183113098145,858,125.5528039932251,858,125.91683912277222,858,126.24799418449402,858,126.58268666267395,858,126.90725445747375,858,127.27272915840149,858,127.73649597167969,858,128.11262154579163,858,128.4400007724762,858,128.79734754562378,858,129.5489342212677,858,129.8783676624298,858,130.24727296829224,858,130.5718491077423,858,130.87640190124512,858,131.2121250629425,858,131.52482080459595,858,131.82623052597046,858,132.14617252349854,858,132.46295356750488,858,132.77989649772644,858,133.15618252754211,858,133.47923040390015,858,133.82380080223083,858,134.20052027702332,858,134.51477885246277,858,134.91996026039124,858,135.2492229938507,858,135.56524920463562,858,136.29873633384705,858,136.621750831604,858,137.00503969192505,858,137.36357259750366,858,137.6978259086609,858,138.03432488441467,858,138.36513543128967,858,138.71983861923218,858,139.09163665771484,858,139.49967670440674,857,139.9571669101715,856,140.66737914085388,856,140.98651146888733,853,141.34694004058838,851,141.70969486236572,851,142.03370714187622,851,142.34560108184814,851,142.6568741798401,851,142.94489693641663,851,143.2446310520172,851,143.5728361606598,851,143.91019797325134,851,144.24001669883728,851,144.99381113052368,851,147.3638892173767,851,149.47322416305542,851,149.77614831924438,851,150.10394763946533,851,150.46600794792175,851,150.81225323677063,851,151.14254808425903,851,151.4694426059723,851,152.0239405632019,851,152.34430027008057,851,153.1609823703766,851,153.71125316619873,851,154.0681278705597,851,154.42656779289246,851,154.74652338027954,851,155.11798906326294,851,155.4385302066803,851,155.76106214523315,851,156.11282348632812,846,156.8666799068451,846,157.2069387435913,846,157.54805850982666,846,157.89049291610718,842,158.55002307891846,842,158.8806667327881,842,159.22280406951904,842,159.55701184272766,842,159.8952488899231,842,160.2591450214386,842,160.5898790359497,842,160.94529390335083,842,161.33159589767456,842,161.65372252464294,842,162.041020154953,842,162.40493512153625,840,162.77062106132507,840,163.1555094718933,840,163.46984314918518,839,163.8660809993744,838,164.25842905044556,838,164.563378572464,838,164.86622142791748,838,165.50408101081848,838,165.8051323890686,838,166.12098574638367,838,166.42548537254333,838,166.76544547080994,838,167.1758692264557,838,167.5777554512024,838,167.90179562568665,838,168.20819640159607,838,168.539400100708,838,168.87843322753906,838,169.26202607154846,838,169.5717990398407,838,170.39838004112244,838,170.73725581169128,838,171.08856058120728,838,171.44751858711243,838,171.81582498550415,838,172.18194341659546,838,172.50879645347595,838,172.89354586601257,838,173.67552995681763,838,174.0097234249115,838,174.3870370388031,838,174.71178603172302,838,175.09672379493713,838,175.42458486557007,838,175.80715775489807,838,176.12521862983704,838,176.49346566200256,838,176.86052227020264,838,177.18109679222107,838,177.53704643249512,838,177.8657169342041,838,178.18689489364624,838,178.52058339118958,838,178.91273665428162,838,179.22805976867676,838,179.55717134475708,838,179.88433170318604,838,180.6949520111084,838,181.0610580444336,838,181.45875334739685,838,181.798415184021,838,182.13917422294617,838,182.46430349349976,838,182.79175353050232,838,183.17471265792847,838,183.520446062088,838,183.85883045196533,838,184.23353743553162,838,184.5644748210907,838,185.03925371170044,838,186.3288221359253,838,186.6788239479065,838,187.01686573028564,838,187.36199140548706,838,187.7407352924347,838,188.06256103515625,838,188.40036964416504,838,188.72272109985352,838,189.14206051826477,838,189.53154373168945,838,189.87180471420288,838,190.191223859787,838,190.50674962997437,838,190.82890605926514,838,191.15759015083313,838,191.55881214141846,838,191.8890790939331,838,192.2012746334076,838,192.57196593284607,838,193.0020296573639,838,193.36080145835876,838,193.71955609321594,838,194.04581117630005,838,194.46960425376892,838,195.26784992218018,838,195.6006293296814,838,195.9469928741455,838,196.3237841129303,838,196.65182042121887,838,196.9871699810028,838,197.29082989692688,838,197.6493935585022,838,198.00347256660461,838,198.38718128204346,838,198.71016764640808,838,199.02541661262512,838,199.36388039588928,838,199.95332741737366,838,200.3489294052124,838,200.66174340248108,838,201.48291993141174,838,201.8239939212799,838,202.22101306915283,838,202.53392577171326,838,202.89469385147095,837,203.33831071853638,837,203.68947672843933,837,204.061261177063,837,204.39209365844727,837,204.72844219207764,837,205.05698370933533,837,205.64674830436707,837,206.03128695487976,837,206.41568851470947,837,206.7605767250061,837,207.09666419029236,837,207.45652770996094,837,208.20187640190125,837,208.54580211639404,837,208.91727113723755,837,209.29909920692444,837,209.6437840461731,837,209.9843032360077,837,210.3140788078308,837,210.69122195243835,837,211.06363463401794,837,211.3862555027008,837,211.7054455280304,837,212.05383729934692,837,212.41294980049133,837,212.77491092681885,837,213.18386149406433,837,213.52374744415283,837,213.95515942573547,837,214.293231010437,837,214.66990160942078,837,215.0741171836853,837,215.41540479660034,837,215.74172735214233,837,216.0496609210968,837,216.39377093315125,836,216.8232877254486,836,217.1434290409088,836,217.4701600074768,836,217.84188532829285,836,218.1879439353943,836,218.5837059020996,836,218.9096291065216,836,219.23905229568481,836,219.56873869895935,836,220.5316035747528,836,221.00141310691833,836,221.35509157180786,836,221.6715488433838,836,221.98043704032898,836,222.32355856895447,836,222.7754065990448,836,223.15391659736633,836,223.51390624046326,836,223.86081552505493,836,224.23556637763977,836,224.58507800102234,836,225.02545809745789,836,225.3802945613861,836,225.98596239089966,836,226.321537733078,836,226.62720370292664,836,226.9893021583557,836,227.31217217445374,836,227.66288566589355,836,228.03564023971558,836,228.4067952632904,836,228.73743629455566,836,229.1115288734436,836,229.44275283813477,836,229.7807207107544,836,230.1224753856659,836,230.44604229927063,836,230.77644395828247,836,231.08402729034424,836,231.42218542099,836,231.7562379837036,836,232.081689119339,836,232.42198491096497,836,232.82277846336365,836,233.1481442451477,836,233.49768567085266,836,233.91034197807312,836,234.27835845947266,836,234.66151785850525,836,235.16236352920532,836,235.77550625801086,836,236.15688967704773,836,238.70625376701355,836,239.05538320541382,836,239.3689157962799,836,239.6938157081604,836,240.03372716903687,836,240.37684798240662,836,240.70930171012878,836,241.1453938484192,836,241.5069181919098,836,241.8812427520752,836,242.25578951835632,836,242.66838574409485,836,243.00416922569275,836,243.417573928833,836,243.76088881492615,836,244.278724193573,836,244.60466241836548,836,244.93187189102173,836,245.265300989151,836,245.69308733940125,836,247.66957449913025,836,248.07468104362488,836,248.42197847366333,836,248.76651692390442,836,249.13739275932312,836,249.47757077217102,836,249.78214859962463,836,250.13561153411865,836,250.45476460456848,836,250.79454350471497,836,251.2838282585144,836,251.7657332420349,836,252.16205191612244,836,252.96124243736267,836,253.76307797431946,836,254.10924077033997,836,254.53981804847717,836,254.88431406021118,836,255.2254421710968,836,255.5450382232666,836,255.87525367736816,836,256.3318979740143,836,256.6863749027252,836,257.01765632629395,836,257.35181164741516,836,257.69484972953796,836,258.050256729126,836,258.40371537208557,836,261.12373089790344,836,261.4321413040161,836,261.77076506614685,836,262.1170406341553,836,262.4538371562958,836,262.78058791160583,836,263.0960896015167,836,263.4469213485718,836,264.2343485355377,836,264.87490701675415,836,265.257928609848,836,266.05822682380676,836,266.4519884586334,836,266.79407954216003,836,267.13735842704773,836,267.49576354026794,836,267.84178137779236,836,268.1437213420868,836,268.46451449394226,836,268.7910304069519,836,269.11947536468506,836,270.02990770339966,836,270.39181900024414,836,270.75564551353455,836,271.136549949646,836,271.4861373901367,836,271.8562798500061,836,272.1867485046387,836,272.50268387794495,836,272.8133034706116,836,273.157408952713,836,273.49623131752014,836,273.88359689712524,836,274.22139501571655,836,274.69312834739685,836,275.0295729637146,836,275.3431098461151,836,275.6664242744446,836,276.0342252254486,836,276.4019193649292,836,276.7375822067261,836,277.02745032310486,836,277.3462755680084,836,277.6884551048279,836,278.0201804637909,836,278.3823707103729,836,278.7335443496704,836,279.09611320495605,836,279.43565797805786,836,280.10962867736816,836,280.4325420856476,836,281.11332607269287,836,281.4947361946106,836,281.81912326812744,836,282.23229241371155,836,282.5961585044861,836,282.9061620235443,836,283.2340543270111,836,283.6212065219879,836,283.96631693840027,836,284.3271131515503,836,284.64894914627075,836,284.9847238063812,836,285.30435943603516,836,285.7061812877655,836,286.0829122066498,836,286.41872119903564,836,287.1867952346802,836,287.5411858558655,836,287.9062867164612,836,288.2250323295593,836,288.62847423553467,836,288.9473054409027,836,289.66300916671753,836,289.97229290008545,836,290.32024788856506,836,290.66945719718933,836,291.0758378505707,836,291.4877076148987,836,291.84081411361694,836,292.1805350780487,836,292.5500855445862,836,292.958518743515,836,293.31997561454773,836,293.64084815979004,836,294.02741718292236,836,294.63548970222473,836,295.3948690891266,836,295.76507449150085,836,296.09475231170654,836,296.4234664440155,836,296.78713297843933,836,297.12351965904236,836,297.5121691226959,836,297.9168872833252,836,298.2654621601105,836,298.6067988872528,836,298.91032695770264,836,299.2888674736023,836,299.66708540916443,836,300.0429675579071
0,random graphs/triangle/r1.5k24n16/graph0.lgbin,1286,201.1142292022705,879,1739,0,1628,0.766876220703125,1518,1.15885591506958,1442,1.5047380924224854,1415,1.8608829975128174,1366,2.3011085987091064,1312,2.6471478939056396,1261,3.1047940254211426,1217,3.4553370475769043,1192,4.07743763923645,1181,4.415349006652832,1173,4.771042823791504,1172,5.09236216545105,1153,5.455763101577759,1135,5.796703815460205,1123,6.0997474193573,1093,6.478222131729126,1084,6.8228983879089355,1078,7.415460109710693,1071,7.747495889663696,1069,8.090202808380127,1061,8.417634010314941,1052,8.777220010757446,1046,9.117249727249146,1046,9.454180240631104,1045,9.771171808242798,1043,10.091415405273438,1040,10.401490688323975,1035,10.785825490951538,1035,11.073575496673584,1031,11.429996967315674,1028,11.761469602584839,1023,12.122024536132812,1023,12.41921854019165,1020,12.748100280761719,1005,13.084638595581055,987,13.4904305934906,982,13.822174072265625,950,14.414124488830566,946,14.770375728607178,944,15.365753650665283,943,15.714964389801025,942,16.042375326156616,940,16.388163805007935,940,16.90318512916565,937,17.235280513763428,937,17.572361707687378,937,17.887940168380737,937,18.21571660041809,937,18.586179733276367,937,18.89859437942505,936,19.258856296539307,936,19.5898380279541,934,20.200173139572144,934,20.53153967857361,930,20.88842511177063,928,21.226603507995605,928,21.525679111480713,923,21.86786389350891,923,22.181490659713745,922,22.72286820411682,921,23.072572231292725,920,23.361732244491577,920,23.669877290725708,920,24.016294956207275,919,24.304837465286255,917,24.635765314102173,917,24.926467657089233,915,25.247528076171875,915,25.54015278816223,913,25.87709951400757,913,26.206108808517456,913,26.557169198989868,912,26.881558656692505,912,27.407341241836548,911,27.788159132003784,911,28.094086408615112,911,28.40947198867798,910,28.742329597473145,910,29.06363296508789,910,29.473560333251953,910,29.769480228424072,910,30.088762998580933,910,30.40330481529236,910,30.731948614120483,910,31.02608346939087,910,31.362998008728027,910,31.966743230819702,910,32.34811782836914,910,32.984036922454834,910,33.29730582237244,910,34.04794263839722,910,34.38315510749817,910,34.73462986946106,910,35.13948202133179,910,35.46611309051514,910,35.76095366477966,910,36.09805226325989,910,36.420055627822876,910,36.73262429237366,910,37.10019826889038,910,37.37267470359802,910,37.690354347229004,910,38.005330324172974,910,38.33584475517273,910,38.61757016181946,910,38.968589067459106,910,39.29531741142273,910,39.64304280281067,910,39.963282108306885,910,40.29704761505127,910,40.619972467422485,910,40.96275854110718,910,41.23117280006409,910,41.54772400856018,909,41.88025784492493,909,42.1750864982605,909,42.515719175338745,909,43.08520483970642,909,43.42503595352173,909,43.74689245223999,909,44.10469341278076,909,44.441107511520386,909,44.76651620864868,909,45.092251777648926,909,45.42475414276123,909,45.76180386543274,909,46.371660470962524,909,46.69497036933899,909,48.429675340652466,909,48.87484836578369,909,49.23790764808655,909,49.56655693054199,909,49.87399244308472,909,50.1788866519928,909,50.51822519302368,909,50.86751651763916,909,51.250120878219604,909,51.55833458900452,909,51.85576581954956,909,52.192031145095825,909,52.48507618904114,909,53.22242546081543,909,53.58132195472717,909,53.9244441986084,909,54.255621671676636,909,54.58462190628052,909,54.88976836204529,909,55.214566707611084,908,55.64277672767639,908,55.99687647819519,908,56.31128001213074,906,56.68519592285156,906,57.018847942352295,904,57.396090030670166,904,57.728264570236206,904,58.014397621154785,903,58.309529066085815,903,58.606635093688965,903,59.1479709148407,902,59.513288497924805,902,59.79070734977722,902,60.11259174346924,902,60.45640182495117,902,60.78529381752014,901,61.29066872596741,901,61.620861530303955,901,61.979620695114136,901,62.27724480628967,901,62.59644913673401,901,62.9100821018219,901,63.49899506568909,901,63.80465364456177,901,64.1347975730896,901,64.47441148757935,901,64.81640195846558,901,65.13326621055603,901,65.44145560264587,901,65.73908925056458,901,66.04403519630432,901,66.5514509677887,901,66.85210609436035,901,67.1722846031189,901,67.45665526390076,901,67.75611734390259,901,68.05453586578369,901,68.36906862258911,901,68.7029881477356,901,68.97192478179932,901,69.28083229064941,901,69.6129081249237,901,69.92384600639343,901,70.28449606895447,901,70.5514624118805,901,70.83458352088928,901,71.42505526542664,901,71.74714136123657,901,72.05554962158203,901,72.32208204269409,901,72.67782831192017,901,73.05243062973022,901,73.42958545684814,901,73.73378825187683,901,74.05566215515137,901,74.36454701423645,901,74.71310043334961,901,75.01782584190369,901,75.38555550575256,900,75.73766613006592,900,76.37344622612,900,76.74321341514587,900,77.0647804737091,900,77.39459729194641,900,77.74268007278442,900,78.31265115737915,899,78.66839027404785,899,78.95831203460693,899,79.29188632965088,899,79.64156866073608,899,79.9717469215393,899,80.5411331653595,899,80.83024477958679,899,81.10882472991943,899,81.44255709648132,899,81.80458235740662,897,82.67400908470154,897,82.97192621231079,897,83.28707313537598,897,83.63640213012695,897,83.95832061767578,897,84.26569271087646,897,84.58295106887817,897,84.88804078102112,897,85.22560405731201,897,85.54988765716553,897,85.8847484588623,897,86.43942046165466,897,86.82421803474426,896,87.17944145202637,896,87.49679923057556,896,87.78013682365417,895,88.3267285823822,895,88.64389038085938,895,88.94234156608582,895,89.22922849655151,895,89.54058504104614,895,89.92502808570862,895,90.50654244422913,895,90.79959893226624,895,91.3562912940979,895,91.97697854042053,895,92.2952446937561,894,92.91794729232788,894,93.21468329429626,894,93.55310034751892,894,93.87002515792847,894,94.34197282791138,894,94.85847353935242,894,95.15161347389221,894,95.46145009994507,894,95.80602073669434,894,96.30388927459717,894,96.60701966285706,894,96.93730068206787,894,97.54105043411255,894,97.8928816318512,894,98.22074103355408,892,98.57289481163025,892,98.93267631530762,892,99.28522992134094,892,99.62602734565735,892,99.96102142333984,892,100.23755979537964,892,100.50929498672485,891,100.83791160583496,890,101.1678352355957,890,101.44775056838989,890,101.79776787757874,890,102.07768082618713,890,102.40390038490295,890,102.70749616622925,889,103.0489809513092,889,103.64312148094177,889,104.23812580108643,889,104.54878401756287,889,104.87019944190979,889,105.20514583587646,889,105.57140755653381,889,105.86903429031372,889,106.17241907119751,889,106.45118999481201,889,108.2725887298584,889,108.8176019191742,889,109.37638664245605,889,109.73117232322693,889,110.07871341705322,889,110.36631178855896,889,110.66323685646057,889,110.98145651817322,889,111.30028939247131,888,111.65089249610901,888,111.96688103675842,888,112.29963517189026,888,112.6222825050354,887,113.21141004562378,887,113.50996494293213,887,113.81382012367249,887,114.13313627243042,887,114.40905046463013,887,114.73254108428955,887,115.01772046089172,887,115.3319137096405,887,115.66655588150024,887,116.00235652923584,887,116.34320640563965,887,116.88628363609314,887,117.17655992507935,887,117.5206847190857,887,117.851402759552,887,118.44645643234253,887,118.7452564239502,887,119.05133175849915,887,119.62172794342041,887,119.93648076057434,887,120.23878741264343,887,120.53200578689575,887,121.00623536109924,887,121.46695327758789,887,121.77954363822937,887,122.09852123260498,887,122.64128422737122,887,122.93441462516785,887,123.32187509536743,887,123.61301565170288,887,123.95114278793335,886,124.40524435043335,886,124.7504632472992,886,125.11526536941528,886,125.44886875152588,886,125.75317883491516,886,126.07126832008362,886,126.43029379844666,886,127.01095414161682,886,127.32878732681274,886,128.00634336471558,886,128.58963251113892,886,128.8816695213318,886,129.2176570892334,886,129.53072428703308,886,129.8164885044098,886,130.16160535812378,886,130.50503087043762,886,131.1456413269043,886,131.48538994789124,886,131.82659363746643,886,132.1311752796173,886,132.42615222930908,886,133.09271335601807,886,133.37669134140015,886,133.7242317199707,886,134.05080437660217,886,134.42940831184387,886,134.7514510154724,886,135.08966398239136,886,135.36545419692993,886,135.65638279914856,886,135.9425013065338,886,136.26118874549866,886,136.90637946128845,886,137.19235825538635,886,137.49746870994568,886,137.77370715141296,886,138.08921027183533,886,138.64724564552307,886,139.23246145248413,886,139.57978558540344,886,139.9009690284729,886,140.20510578155518,886,140.50520849227905,886,140.8123607635498,886,141.15163326263428,886,141.5029103755951,886,142.12536454200745,886,142.71078824996948,886,143.31393766403198,886,143.59011244773865,886,144.01305508613586,886,144.3336844444275,886,144.66479444503784,886,144.9849591255188,886,145.30713152885437,886,145.68960762023926,886,145.9599747657776,886,146.24248576164246,886,146.6013252735138,886,146.88338971138,886,147.20187664031982,886,147.5122776031494,886,147.83724093437195,886,148.1390290260315,886,148.72713088989258,886,149.08498525619507,886,149.39190793037415,886,149.71044898033142,886,150.01190543174744,886,150.32549285888672,886,150.62386345863342,886,150.9550063610077,886,151.2697389125824,886,151.62624883651733,886,151.93011260032654,886,152.24046659469604,886,152.53562569618225,886,152.87813305854797,886,153.18942403793335,886,153.88634157180786,886,154.20146441459656,886,154.49049258232117,886,154.81924748420715,886,155.1216058731079,886,155.42854142189026,886,155.74356484413147,886,156.04979753494263,886,156.62245273590088,886,156.97151231765747,886,157.28118133544922,886,157.61252903938293,886,157.9637575149536,886,158.25243830680847,886,158.83510637283325,886,159.1529929637909,886,159.49059653282166,886,159.83374738693237,886,160.44356179237366,886,160.7659592628479,886,161.08721566200256,886,161.40693283081055,886,161.71876645088196,886,161.99874806404114,886,162.64595413208008,886,163.2686059474945,886,163.58708381652832,886,164.11928915977478,886,164.4246871471405,886,164.75546789169312,886,165.06618452072144,886,165.38014340400696,886,165.71715927124023,886,166.02359008789062,886,166.34634351730347,886,166.6177372932434,886,166.91541194915771,886,167.25124740600586,886,167.5831537246704,886,167.9145359992981,886,168.27457284927368,886,168.57527351379395,886,168.9099895954132,886,169.2983202934265,886,169.93747353553772,886,170.2686686515808,886,170.5899121761322,886,170.9050588607788,886,171.19871544837952,886,171.52487134933472,886,171.88499808311462,886,172.17514777183533,886,172.47924256324768,886,172.7598421573639,886,173.0413465499878,886,173.3028450012207,886,173.6040861606598,886,173.90906238555908,886,174.2214391231537,886,174.5520055294037,886,174.8491153717041,886,175.412184715271,886,175.74929213523865,886,176.32320261001587,886,178.14840817451477,886,178.52613401412964,886,178.85663175582886,886,179.18723368644714,886,179.52372694015503,886,179.86596536636353,886,180.1955919265747,886,180.50328063964844,886,180.8067352771759,886,181.11014652252197,886,181.4306652545929,886,181.72522068023682,886,182.19117140769958,886,182.50963926315308,886,182.8139078617096,886,183.18751120567322,886,183.49955129623413,886,183.83731603622437,886,184.1806788444519,886,184.55255770683289,886,184.97940158843994,886,185.2911581993103,886,185.6083116531372,886,185.92204880714417,886,186.68116402626038,886,186.97579908370972,886,187.4895007610321,886,187.80484056472778,886,188.09435987472534,886,188.50412249565125,886,188.82485842704773,886,189.17136597633362,886,189.44360828399658,886,189.7205011844635,886,190.01930356025696,886,190.33438849449158,886,190.66574382781982,886,191.25811982154846,886,191.54721450805664,886,191.8697690963745,886,192.17871594429016,886,192.49443531036377,886,192.8204288482666,886,193.11631846427917,886,193.4272346496582,886,193.76967000961304,886,194.0867109298706,886,194.37314128875732,886,194.68587398529053,886,195.00879645347595,886,195.28721737861633,886,195.62324929237366,886,195.90843319892883,886,196.1739559173584,886,196.8323211669922,886,197.19396471977234,886,197.78235721588135,886,198.12171339988708,886,198.4366536140442,886,198.74464774131775,886,199.23818683624268,886,199.85760760307312,886,200.16445970535278,886,200.46932101249695,883,200.78336119651794,883,201.10561895370483,883,201.43270707130432,879,201.72643327713013,879,202.00762724876404,879,202.35844087600708,879,202.70046758651733,879,202.99596166610718,879,203.28312826156616,879,203.57324314117432,879,203.89603471755981,879,204.23192238807678,879,204.56294655799866,879,204.8462953567505,879,205.16234612464905,879,205.44199228286743,879,205.77012419700623,879,206.3317835330963,879,206.6859107017517,879,206.98897242546082,879,207.31038784980774,879,207.64968991279602,879,207.97269320487976,879,208.34531140327454,879,208.65346932411194,879,208.99509930610657,879,209.2915062904358,879,209.62217354774475,879,209.90310525894165,879,211.67338109016418,879,211.99601030349731,879,212.3453779220581,879,212.6484775543213,879,212.95131063461304,879,213.26104927062988,879,213.58083748817444,879,214.11160039901733,879,214.41260433197021,879,214.73424005508423,879,215.03851628303528,879,215.35136699676514,879,215.67155003547668,879,215.9467580318451,879,216.30194544792175,879,216.6427869796753,879,216.93496561050415,879,217.2415487766266,879,217.51807284355164,879,217.78970003128052,879,218.11850500106812,879,218.45102286338806,879,218.83510732650757,879,219.12063574790955,879,219.77299118041992,879,220.28411674499512,879,220.579363822937,879,220.87334489822388,879,221.16560459136963,879,221.78894329071045,879,222.36229538917542,879,222.67224717140198,879,223.23716568946838,879,223.53134751319885,879,223.83319211006165,879,224.10336828231812,879,224.38826036453247,879,224.86489391326904,879,225.14221000671387,879,225.4354043006897,879,225.76297569274902,879,226.07494854927063,879,226.4078333377838,879,226.68657779693604,879,226.99310493469238,879,227.26963090896606,879,227.57271671295166,879,228.1519844532013,879,228.51074028015137,879,228.8007414340973,879,229.09323143959045,879,229.39178085327148,879,229.6975872516632,879,230.2609679698944,879,230.5978581905365,879,230.91501140594482,879,231.25583410263062,879,231.53490924835205,879,231.84467101097107,879,232.1132960319519,879,232.41635966300964,879,232.71368098258972,879,233.0693039894104,879,233.64279770851135,879,233.96945786476135,879,234.30190539360046,879,234.58327889442444,879,235.14055013656616,879,235.44170212745667,879,235.7533986568451,879,236.08326601982117,879,236.39321994781494,879,236.74674081802368,879,237.04746317863464,879,237.33991289138794,879,237.96356320381165,879,238.27449822425842,879,238.5604190826416,879,238.83627247810364,879,239.1500985622406,879,239.43237233161926,879,239.753324508667,879,240.03385162353516,879,240.62222981452942,879,240.96262860298157,879,241.27409839630127,879,241.5730857849121,879,241.9045844078064,879,242.22181034088135,879,242.51748847961426,879,242.79725122451782,879,243.1042902469635,879,243.44107604026794,879,243.78240418434143,879,244.09961891174316,879,244.41112184524536,879,244.70322155952454,879,245.0009617805481,879,245.29902052879333,879,245.61201786994934,879,245.90164637565613,879,246.2412576675415,879,246.7386829853058,879,247.10495853424072,879,247.40824151039124,879,247.73877382278442,879,248.23994064331055,879,248.58560371398926,879,248.88123178482056,879,249.41589665412903,879,249.71115684509277,879,250.06013178825378,879,250.7750985622406,879,251.121764421463,879,251.45037484169006,879,251.76288843154907,879,252.07455396652222,879,252.36289644241333,879,252.90285086631775,879,253.20174145698547,879,253.59335279464722,879,254.0186550617218,879,254.45376205444336,879,254.7677938938141,879,255.09225749969482,879,255.40421748161316,879,255.7959053516388,879,256.09193563461304,879,256.38065814971924,879,256.6871716976166,879,256.9888277053833,879,257.55303740501404,879,257.87393450737,879,258.2137520313263,879,258.55064249038696,879,259.28576374053955,879,259.70466446876526,879,259.98827362060547,879,260.3339536190033,879,260.748681306839,879,261.0746455192566,879,261.63467955589294,879,261.95300483703613,879,262.2887992858887,879,262.5654957294464,879,262.91199469566345,879,263.22861528396606,879,263.55127596855164,879,263.8585159778595,879,264.2381992340088,879,264.70983624458313,879,265.13327622413635,879,265.46683835983276,879,265.7589600086212,879,266.06399750709534,879,266.36550307273865,879,266.6571834087372,879,266.94260811805725,879,267.25964426994324,879,267.55145621299744,879,267.8257689476013,879,268.42543601989746,879,268.7573218345642,879,269.0731620788574,879,269.40094208717346,879,269.7235486507416,879,270.0555531978607,879,270.3674285411835,879,270.65843057632446,879,271.0129888057709,879,271.3248574733734,879,271.6331706047058,879,271.9904351234436,879,272.32291412353516,879,272.66453075408936,879,273.02175307273865,879,273.3655512332916,879,273.68216824531555,879,273.9926447868347,879,274.27815318107605,879,274.63306045532227,879,275.00006461143494,879,275.28153681755066,879,275.60211300849915,879,276.1944589614868,879,276.5004606246948,879,276.8022174835205,879,277.1785159111023,879,277.4856882095337,879,277.80432653427124,879,278.3698399066925,879,278.6967329978943,879,279.2114932537079,879,279.53290009498596,879,279.8443908691406,879,280.4188587665558,879,280.9510841369629,879,281.53106141090393,879,281.84491539001465,879,282.1619906425476,879,282.4798767566681,879,282.76655077934265,879,283.1057574748993,879,283.48550510406494,879,283.82563495635986,879,284.14069962501526,879,284.43921518325806,879,284.752560377121,879,285.07801246643066,879,285.3717031478882,879,285.68949460983276,879,286.0028553009033,879,286.29417276382446,879,286.61032128334045,879,286.9469153881073,879,287.3472218513489,879,287.67203545570374,879,287.9919810295105,879,288.4537661075592,879,288.79717540740967,879,289.1003224849701,879,289.63223600387573,879,289.9355480670929,879,290.27550292015076,879,290.7999985218048,879,291.119784116745,879,291.43295526504517,879,291.7549238204956,879,292.08478903770447,879,292.36847138404846,879,292.8875217437744,879,293.2859375476837,879,293.5846321582794,879,293.9034914970398,879,294.23996567726135,879,294.5493485927582,879,294.854745388031,879,295.3377432823181,879,295.8362913131714,879,296.17881059646606,879,296.6688919067383,879,297.01744627952576,879,297.3535256385803,879,297.6896958351135,879,298.05946588516235,879,298.3531651496887,879,298.6856987476349,879,299.002977848053,879,299.2835168838501,879,299.648234128952,879,300.1794333457947
1,random graphs/triangle/r1.5k24n16/graph1.lgbin,1286,202.83747935295105,788,1622,0,1496,0.32848024368286133,1431,0.6599078178405762,1380,0.9767124652862549,1287,1.3114087581634521,1248,1.6577339172363281,1203,1.983443021774292,1171,2.2959165573120117,1157,2.934438705444336,1154,3.2554256916046143,1111,3.5561869144439697,1079,3.9576399326324463,1049,4.282725811004639,1044,4.604481220245361,1030,4.933049440383911,1020,5.588574409484863,1015,5.899748802185059,1009,6.170186758041382,998,6.500168323516846,989,6.82284951210022,983,7.123281478881836,977,7.46772313117981,974,7.792628049850464,968,8.122381925582886,964,8.66315507888794,958,8.951880693435669,952,9.471051692962646,951,9.777143716812134,948,10.086380243301392,941,10.435364246368408,941,10.712341785430908,935,11.02072024345398,933,11.336006879806519,933,11.850985765457153,931,12.196352481842041,922,12.528160333633423,919,12.842789888381958,909,13.16223669052124,905,13.46336817741394,905,13.897885084152222,903,14.210357189178467,902,14.522787809371948,901,14.826468467712402,899,15.16063380241394,897,15.498990058898926,895,15.841638088226318,895,16.155863046646118,892,16.642459392547607,892,17.237882614135742,892,17.498139142990112,892,17.835933923721313,892,18.156087160110474,892,18.629348278045654,888,19.192808389663696,887,19.764060020446777,887,20.0484037399292,887,20.311132669448853,887,20.635890245437622,887,20.92920446395874,884,21.218481302261353,884,21.535470247268677,883,22.144495010375977,883,22.40989923477173,883,22.726025819778442,883,23.037262201309204,881,23.36319661140442,881,23.681313514709473,881,24.027141332626343,881,24.290695190429688,881,26.055068969726562,874,26.551665544509888,874,26.84949040412903,874,27.13435196876526,874,27.402523040771484,873,27.745614051818848,873,28.060911178588867,873,28.329458713531494,873,28.626925468444824,872,29.022175312042236,872,29.345693349838257,872,29.65977120399475,872,29.9453706741333,872,30.493067979812622,872,30.78099226951599,870,31.072718858718872,870,31.37425923347473,870,31.639136791229248,870,31.94806718826294,870,32.42090129852295,870,32.700955629348755,870,33.03330326080322,870,33.4359872341156,869,33.78171944618225,869,34.39671611785889,868,34.76137161254883,857,35.100037813186646,856,35.37864851951599,856,35.71456837654114,856,36.00135540962219,856,36.45496582984924,856,36.807061433792114,856,37.37184381484985,856,37.66806101799011,855,38.00419235229492,855,38.282915115356445,855,38.61557459831238,855,39.197139501571655,855,39.48963403701782,855,39.76937961578369,855,40.24705171585083,855,40.81711220741272,853,41.08603048324585,853,41.370760917663574,851,41.70019555091858,851,41.97853207588196,851,42.24269986152649,851,42.80396246910095,851,43.389931201934814,851,43.66592764854431,851,43.95652198791504,851,44.231274366378784,850,44.80191683769226,850,45.142427921295166,850,45.63258457183838,850,45.91449189186096,849,46.47227382659912,846,46.787583112716675,845,47.123751401901245,841,47.467594146728516,841,48.02119278907776,840,48.32243061065674,840,48.812960147857666,840,49.12294936180115,840,49.44339370727539,840,49.72536063194275,840,50.0048463344574,840,50.36477494239807,840,50.6869010925293,840,50.96926021575928,840,51.25744414329529,840,51.549736976623535,840,51.854392290115356,840,52.42961287498474,840,52.82598352432251,840,53.143205881118774,840,53.50296330451965,840,53.8088321685791,840,54.16905117034912,840,54.661309480667114,840,54.97701406478882,840,55.27377700805664,840,56.99120831489563,840,57.333855867385864,840,57.630253314971924,839,57.98258447647095,839,58.593517541885376,839,59.20154094696045,830,59.55584359169006,829,59.861948013305664,829,60.18906497955322,829,60.50509524345398,829,60.787912130355835,829,61.054038286209106,828,61.38770651817322,825,61.672452211380005,825,61.98168349266052,824,62.28571057319641,824,62.59693121910095,824,62.89623165130615,824,63.2004177570343,824,63.62027072906494,823,64.29696726799011,823,64.57542324066162,823,64.87582588195801,823,65.1634111404419,823,65.73360753059387,822,66.0651741027832,822,66.3784658908844,822,66.64383816719055,822,66.92369651794434,822,67.24291443824768,822,67.5498640537262,822,67.82809472084045,822,68.38332486152649,822,68.68235182762146,822,68.983163356781,822,69.34466981887817,822,69.62692832946777,822,70.02967858314514,822,70.56298446655273,822,70.82083249092102,816,71.15015363693237,816,71.4539086818695,816,71.76743268966675,816,72.06363463401794,816,72.34769535064697,816,72.64667701721191,816,72.94454193115234,813,73.30136179924011,813,73.66439819335938,812,74.18275618553162,812,74.46840834617615,812,74.78372097015381,812,75.09077453613281,812,75.3816590309143,812,75.73065996170044,812,76.02401089668274,812,76.33701252937317,812,76.65001606941223,812,76.9733293056488,812,77.28527116775513,812,77.77756810188293,812,78.14876341819763,812,78.39981842041016,812,78.85107660293579,812,79.20483732223511,812,79.46511816978455,812,79.76823258399963,812,80.08955645561218,812,80.3808205127716,812,80.66079497337341,812,80.9626350402832,812,81.2682535648346,812,81.53841280937195,812,81.82859230041504,812,82.1451268196106,812,82.45457601547241,812,82.78462624549866,812,83.07636141777039,812,83.35689806938171,812,83.72325921058655,812,84.0103051662445,812,84.3341372013092,812,84.69597434997559,812,84.99253678321838,812,85.42296361923218,812,85.89679718017578,812,86.19676542282104,812,86.51425242424011,812,86.84639620780945,812,87.15331387519836,812,87.46121573448181,812,87.84292578697205,812,88.13610124588013,812,88.40996432304382,812,88.79699325561523,812,89.09279441833496,812,89.5921983718872,812,89.90207266807556,812,90.33700942993164,812,90.61083245277405,812,90.943608045578,812,91.21098160743713,812,91.49764657020569,812,92.00772380828857,812,92.28371286392212,812,92.56518650054932,812,92.99480104446411,812,93.29731345176697,812,93.58620429039001,812,93.862220287323,812,94.20024013519287,812,94.50741744041443,812,94.80833911895752,812,95.10516238212585,812,95.39769268035889,812,95.72450065612793,812,96.14074444770813,812,96.75688695907593,812,97.04867839813232,812,97.39234137535095,812,97.67817616462708,812,98.00583100318909,812,98.32735466957092,812,98.6304829120636,812,98.98176002502441,812,99.27372169494629,812,99.56352758407593,812,99.84732246398926,812,100.13987708091736,812,100.3999662399292,812,100.67796754837036,812,100.9618308544159,812,101.26736187934875,812,101.57140684127808,812,101.8797538280487,812,102.18440890312195,812,102.68935322761536,812,103.00450825691223,812,103.35328960418701,812,103.64780902862549,812,104.01115274429321,812,104.30543112754822,812,104.57287669181824,812,104.85714221000671,812,105.2810492515564,812,105.59923481941223,812,105.9269654750824,812,106.20139145851135,812,106.48289656639099,812,106.81765532493591,812,107.13745284080505,812,107.40730285644531,812,107.69876170158386,812,108.03009557723999,812,108.48173117637634,812,108.80154371261597,812,109.11953711509705,812,109.37652134895325,812,109.66376304626465,812,109.95976257324219,812,111.86923027038574,812,112.31640362739563,812,112.60192465782166,812,112.90310144424438,812,113.24620270729065,812,113.53643155097961,812,114.03118705749512,812,114.30347943305969,812,114.60752439498901,812,114.91217350959778,812,115.17486119270325,812,115.46672582626343,812,115.78653478622437,812,116.36824107170105,812,116.6814272403717,812,116.97264695167542,812,117.2622606754303,812,117.52560782432556,812,117.82218551635742,812,118.11248445510864,812,118.39812994003296,812,118.68261623382568,812,119.18103528022766,812,119.49457788467407,812,119.76896047592163,812,120.06309771537781,812,120.36775779724121,812,120.66642689704895,812,121.2427875995636,812,121.63183808326721,812,121.93474864959717,812,122.22197198867798,812,122.5461540222168,812,122.81176495552063,812,123.10881924629211,812,123.3741946220398,812,123.69090867042542,812,124.23903632164001,812,124.5279746055603,812,124.80174160003662,812,125.13095021247864,812,125.4102554321289,812,125.7457492351532,812,126.04102087020874,812,126.34160304069519,812,126.99389481544495,812,127.27342915534973,812,127.56493091583252,812,127.8815553188324,812,128.16974353790283,812,128.47162222862244,812,128.94534540176392,812,129.3448359966278,812,129.63135027885437,812,129.94857120513916,812,130.27472925186157,812,130.60907769203186,812,130.90978169441223,812,131.21357989311218,812,131.50848126411438,812,131.81156182289124,812,132.12305521965027,812,132.4463186264038,812,132.71289229393005,812,133.23533177375793,812,133.53530406951904,812,133.8314723968506,811,134.17795658111572,811,134.5063395500183,811,134.9426577091217,811,135.37136888504028,811,135.6884298324585,811,137.42594623565674,811,137.89705538749695,811,138.42050766944885,811,138.72763562202454,811,139.0351779460907,811,139.29932045936584,811,139.6807677745819,811,140.29119157791138,811,140.60459232330322,811,140.94352865219116,811,141.22666120529175,811,141.5254466533661,811,141.83672499656677,811,142.13238644599915,811,142.4135115146637,811,142.6748468875885,811,142.9797990322113,811,143.2755208015442,811,143.54966616630554,811,143.87002635002136,811,144.2146236896515,811,144.50432205200195,811,144.79086112976074,811,145.34911465644836,811,145.62035751342773,811,146.00766158103943,811,146.26507186889648,811,146.55568957328796,811,146.8561019897461,811,147.21478700637817,811,147.54401421546936,811,147.80818390846252,810,148.12180709838867,810,148.43767094612122,810,149.0000250339508,810,149.49619102478027,810,150.01921820640564,810,150.70853066444397,810,150.99300599098206,810,151.29679942131042,810,151.57009530067444,810,152.13190960884094,810,152.4313337802887,809,152.73045873641968,809,153.0338327884674,809,153.3147361278534,809,153.8518455028534,809,154.12325930595398,809,154.43249249458313,809,154.74700689315796,809,155.07611989974976,809,155.348774433136,809,155.64605474472046,809,155.89714980125427,809,156.20218229293823,809,156.5086543560028,809,156.81702065467834,809,157.12514734268188,809,157.46208238601685,809,157.79362320899963,809,158.05824542045593,809,158.52208042144775,809,158.78879261016846,809,159.08444786071777,809,159.57127141952515,809,159.87353777885437,809,160.18927359580994,809,160.47895526885986,809,160.79171204566956,809,161.1023325920105,809,161.41563057899475,808,161.72654175758362,808,162.0468864440918,808,162.5257179737091,807,162.86483502388,805,163.18065667152405,804,163.6809606552124,803,163.9993438720703,803,164.3024299144745,803,164.60378623008728,801,164.9648003578186,801,165.2501437664032,801,165.51395106315613,801,165.8286452293396,801,166.15787529945374,801,166.47808647155762,800,168.24138498306274,800,168.51748180389404,798,168.82248449325562,798,169.1249508857727,798,169.42813634872437,798,169.72358751296997,798,170.01472854614258,798,170.3032774925232,798,170.60680222511292,798,170.8675606250763,798,171.37729597091675,798,171.6630096435547,798,171.9442961215973,798,172.28521013259888,798,172.5969216823578,798,172.9087998867035,798,173.4811990261078,798,173.7692677974701,798,174.08836221694946,798,174.4013159275055,798,174.7076108455658,798,175.06436014175415,798,175.36887550354004,798,175.67691707611084,798,176.32007503509521,798,176.63790249824524,798,176.97299718856812,797,177.30426478385925,797,177.83576798439026,797,178.163964509964,797,178.44233775138855,796,178.90959310531616,796,179.2078013420105,796,179.50758290290833,796,179.7805323600769,796,180.0516059398651,796,180.36730575561523,796,180.67547798156738,796,180.96527528762817,796,181.26939725875854,796,181.5678219795227,796,181.87789511680603,796,182.19231247901917,796,182.638986825943,796,182.998548746109,796,183.69511723518372,796,183.99307417869568,796,184.2851324081421,795,184.60837054252625,794,184.90169143676758,794,185.2015998363495,794,185.7603054046631,794,186.12928080558777,794,186.42962646484375,794,186.7294635772705,794,187.0255105495453,794,187.37381601333618,794,187.68526220321655,794,188.02485609054565,794,188.37402606010437,794,188.7130799293518,793,189.07971715927124,793,189.4172546863556,793,189.7099359035492,793,190.0082311630249,793,190.33186864852905,793,190.6765284538269,793,190.9990577697754,793,191.29113340377808,793,191.5907781124115,793,191.86666250228882,793,192.16475319862366,793,192.46637082099915,793,192.76179242134094,793,193.0577838420868,792,193.38935828208923,792,193.6870846748352,792,194.22096991539001,792,194.51761865615845,792,195.08259677886963,792,195.3895366191864,792,195.65472555160522,792,195.97100615501404,792,196.2896146774292,792,196.92451643943787,792,197.50378799438477,792,197.78780364990234,792,198.06971740722656,792,198.38969612121582,792,198.69805264472961,792,198.97893500328064,792,199.32234025001526,792,199.6304099559784,792,199.93811178207397,792,200.21886467933655,792,200.5179226398468,792,200.82056546211243,792,201.13704705238342,792,201.407817363739,792,201.71886801719666,792,202.17029476165771,792,202.48648238182068,792,202.7643804550171,792,203.04162430763245,792,203.37007641792297,792,203.67054653167725,792,203.95976400375366,792,204.3075234889984,792,204.82089233398438,792,205.1194362640381,792,205.6825942993164,792,205.97971653938293,792,206.27629947662354,792,206.56760478019714,792,206.8675332069397,792,207.14215397834778,792,207.4197177886963,792,207.67281794548035,792,207.99455070495605,792,208.5310070514679,792,208.79451537132263,788,209.13144302368164,788,209.39572072029114,788,209.74263262748718,788,210.0082483291626,788,210.5413293838501,788,210.87967920303345,788,211.14898204803467,788,211.46006298065186,788,211.74281978607178,788,212.00623607635498,788,212.25633358955383,788,212.56881308555603,788,212.89470434188843,788,213.19580459594727,788,213.5041482448578,788,215.26496529579163,788,215.53225684165955,788,215.86776971817017,788,216.40187644958496,788,216.9054675102234,788,217.43739199638367,788,217.74598050117493,788,218.04163336753845,788,218.322594165802,788,218.61453700065613,788,218.90686631202698,788,219.23108410835266,788,219.5495960712433,788,219.84877228736877,788,220.10612320899963,788,220.4290099143982,788,220.75961661338806,788,221.0490367412567,788,221.35350847244263,788,221.65526008605957,788,221.97029185295105,788,222.25410223007202,788,222.53512692451477,788,222.85264468193054,788,223.1419026851654,788,223.46428680419922,788,223.72665095329285,788,224.04473972320557,788,224.33909463882446,788,224.64241290092468,788,224.93623232841492,788,225.24650192260742,788,225.57491827011108,788,225.88593220710754,788,226.29510045051575,788,227.90581703186035,788,228.22018384933472,788,228.77524375915527,788,229.0532932281494,788,229.34851503372192,788,229.66373825073242,788,229.9562304019928,788,230.2238414287567,788,230.77122354507446,788,231.07570600509644,788,231.35829782485962,788,231.6720142364502,788,231.99657249450684,788,232.27879858016968,788,232.54099321365356,788,233.10258650779724,788,233.42225241661072,788,233.7647271156311,788,234.06668066978455,788,234.37645721435547,788,234.82532835006714,788,235.111754655838,788,235.37420773506165,788,235.98293447494507,788,236.25010585784912,788,236.57099509239197,788,236.8707914352417,788,237.1556372642517,788,237.45945191383362,788,238.05975127220154,788,238.38012051582336,788,238.6340992450714,788,238.9126329421997,788,239.20671820640564,788,239.512051820755,788,239.86798477172852,788,240.44032955169678,788,240.73499083518982,788,241.0740520954132,788,241.38190460205078,788,241.69204711914062,788,242.04304790496826,788,242.38866066932678,788,242.70578980445862,788,242.97102165222168,788,243.2332661151886,788,243.54747080802917,788,243.8503279685974,788,244.32613158226013,788,244.58992195129395,788,244.88906002044678,788,245.2049355506897,788,245.53843235969543,788,246.20100331306458,788,246.4944977760315,788,246.91213941574097,788,247.40251088142395,788,247.6740550994873,788,248.04506850242615,788,248.31779432296753,788,248.61448979377747,788,248.96283292770386,788,249.2445375919342,788,249.53516578674316,788,249.85607051849365,788,250.23163557052612,788,250.73135638237,788,251.02192878723145,788,251.30687355995178,788,251.62359809875488,788,251.9372980594635,788,252.24342250823975,788,252.54398679733276,788,254.3041489124298,788,254.63510251045227,788,255.06285643577576,788,255.3192756175995,788,255.64770936965942,788,255.9363181591034,788,256.24655055999756,788,256.5521385669708,788,256.8586688041687,788,257.19776463508606,788,257.512038230896,788,257.77334094047546,788,258.0657684803009,788,258.37710642814636,788,258.69337129592896,788,258.96226501464844,788,259.2684597969055,788,259.59253549575806,788,259.9410195350647,788,260.23603320121765,788,260.8214707374573,788,262.4823753833771,788,262.76879358291626,788,263.0992259979248,788,263.3970468044281,788,263.9210031032562,788,264.4913761615753,788,264.8166537284851,788,265.1310136318207,788,265.4201109409332,788,266.0385491847992,788,266.35225319862366,788,266.6631293296814,788,266.9919419288635,788,267.28405117988586,788,267.5956335067749,788,267.8735423088074,788,268.17475843429565,788,268.5179445743561,788,268.82273507118225,788,269.148291349411,788,269.4229373931885,788,269.73562955856323,788,269.99887919425964,788,270.29306292533875,788,270.57307147979736,788,270.9026584625244,788,271.22625970840454,788,271.6915919780731,788,271.98891162872314,788,272.32503175735474,788,272.75893092155457,788,273.06193590164185,788,273.374657869339,788,273.65121245384216,788,273.9465789794922,788,274.2678928375244,788,274.5678029060364,788,274.8662886619568,788,275.1543803215027,788,275.76570081710815,788,276.06604385375977,788,276.37877130508423,788,276.69752860069275,788,277.01614785194397,788,277.32595229148865,788,277.89844489097595,788,278.24085807800293,788,278.7094478607178,788,278.97616600990295,788,279.41554522514343,788,280.0118935108185,788,280.3218982219696,788,280.63808822631836,788,280.94637966156006,788,281.2493088245392,788,281.5693004131317,788,281.91809153556824,788,282.39811992645264,788,282.6857223510742,788,283.2332491874695,788,283.5406153202057,788,283.8263475894928,788,284.12645387649536,788,284.6184844970703,788,284.9249424934387,788,285.2114782333374,788,285.53646183013916,788,285.85736775398254,788,286.1475703716278,788,286.43764901161194,788,286.7397139072418,788,287.04635977745056,788,287.3019003868103,788,287.8175120353699,788,288.1276378631592,788,288.41916251182556,788,288.6879255771637,788,289.2317650318146,788,289.51876187324524,788,290.00500226020813,788,290.61968874931335,788,290.94410586357117,788,291.4768097400665,788,291.77269649505615,788,292.05610156059265,788,292.35820412635803,788,293.0135531425476,788,293.2879638671875,788,293.56525897979736,788,293.88671016693115,788,294.2213501930237,788,294.5665645599365,788,295.13677978515625,788,295.4381830692291,788,295.77839159965515,788,296.0910716056824,788,296.3610486984253,788,296.65633034706116,788,296.96139550209045,788,297.27255487442017,788,297.53607392311096,788,297.8041093349457,788,298.0962016582489,788,298.64059925079346,788,299.1321403980255,788,299.6578607559204,788,299.9933204650879,788,300.12722277641296
2,random graphs/triangle/r1.5k24n16/graph2.lgbin,1286,203.19438648223877,825,1672,0,1548,0.3837246894836426,1478,0.6975283622741699,1341,1.3057429790496826,1279,1.6231293678283691,1232,1.9736897945404053,1192,2.3470258712768555,1167,2.6786584854125977,1145,2.9999823570251465,1116,3.357443332672119,1082,3.6852266788482666,1067,4.033711194992065,1055,4.358306407928467,1039,4.778083562850952,1027,5.342752456665039,1011,5.6748316287994385,1009,6.1032960414886475,1002,6.489569425582886,994,6.88213324546814,980,7.1845293045043945,974,7.5501110553741455,969,7.909496068954468,966,8.246019840240479,953,9.121702909469604,946,9.487483739852905,942,9.81815218925476,938,10.145979404449463,938,10.469262838363647,938,10.7782723903656,938,11.087492942810059,935,11.400861024856567,931,11.768497228622437,931,12.22299337387085,931,12.530654668807983,923,12.879462003707886,923,14.766007900238037,923,15.227957725524902,923,15.520743131637573,923,16.080605030059814,921,16.42951774597168,921,16.98820209503174,919,17.301878690719604,919,17.9100079536438,919,18.192511796951294,919,18.5077805519104,919,18.816691160202026,918,19.156280755996704,918,19.449730396270752,918,19.829545736312866,918,20.37086796760559,918,20.95827841758728,918,21.270562648773193,918,21.5649995803833,918,21.882550954818726,918,22.197777271270752,918,22.494754314422607,918,22.79574418067932,918,23.083944082260132,918,23.416647911071777,918,23.71693444252014,918,24.01000189781189,918,24.32056713104248,918,24.643649101257324,918,24.937119483947754,918,25.22490906715393,918,25.58431077003479,918,26.050775051116943,918,26.696508646011353,918,27.016327619552612,918,27.35972762107849,918,27.691627502441406,918,28.200679779052734,918,28.735002756118774,916,29.07227921485901,916,29.355029106140137,916,29.659178733825684,916,29.951964616775513,916,30.521572828292847,916,30.84378480911255,916,31.402727365493774,916,31.686150789260864,916,31.95271873474121,916,32.28133511543274,916,32.58854866027832,916,32.892159938812256,916,33.19220948219299,916,33.50742244720459,916,33.80923271179199,916,34.18599820137024,916,34.48541784286499,916,34.81800174713135,916,35.15048861503601,916,35.45703625679016,916,35.77123665809631,914,36.104605197906494,914,36.368828535079956,912,36.69807767868042,912,36.956722259521484,912,37.25744676589966,912,37.56587529182434,912,37.86557364463806,912,38.1826012134552,912,38.48176860809326,912,38.73163843154907,912,40.466339111328125,912,40.74582552909851,912,41.03072118759155,912,41.336756467819214,909,41.64430236816406,909,42.129812240600586,909,42.457866191864014,909,42.796688079833984,909,43.10657477378845,909,43.39135241508484,909,43.673542499542236,908,43.991822481155396,906,44.321677684783936,906,44.63945651054382,906,45.15768909454346,906,45.50361132621765,906,45.78441095352173,906,46.279865026474,906,46.59378004074097,906,46.895376682281494,906,47.20722317695618,906,47.53636026382446,906,47.8390257358551,906,48.13145565986633,906,48.42381143569946,906,48.73193287849426,906,49.033204078674316,906,49.3358850479126,906,49.61618161201477,906,50.13569974899292,906,50.40887999534607,906,50.702927112579346,906,51.00756287574768,906,51.28723382949829,906,51.601654052734375,906,51.86674761772156,906,52.149479150772095,906,52.47840929031372,906,52.7536301612854,906,53.25731348991394,906,53.563225507736206,905,54.264650106430054,905,54.703218936920166,905,55.02021622657776,905,55.29748034477234,905,55.62593674659729,905,55.9536235332489,905,56.25987792015076,905,56.579341650009155,905,56.86018443107605,905,57.17772650718689,905,57.72703456878662,905,58.107189416885376,905,58.447833776474,905,58.77014350891113,904,59.081514835357666,904,59.42518210411072,904,59.707621335983276,904,60.060242891311646,904,60.36463975906372,904,60.66564345359802,904,60.980703830718994,904,61.27478051185608,904,61.83241534233093,904,62.13327503204346,904,62.46598744392395,904,62.73836827278137,904,63.06093239784241,904,63.56739544868469,904,63.849812746047974,904,64.18462896347046,904,64.50706505775452,904,64.78066754341125,904,65.10725474357605,904,65.45535492897034,903,66.00212860107422,903,66.29980206489563,903,66.64170908927917,903,67.08012437820435,900,67.40700697898865,896,67.75077819824219,896,68.0503556728363,895,68.38654446601868,895,68.68502569198608,894,68.98660373687744,893,69.30255270004272,893,69.5954258441925,893,70.13108444213867,892,70.64190363883972,886,70.9855637550354,886,71.24875259399414,886,71.55318260192871,886,71.99271845817566,886,72.30905485153198,885,72.59941673278809,885,72.93674898147583,883,73.46846032142639,883,73.73466157913208,883,74.0534930229187,883,74.63346838951111,883,74.94169998168945,883,75.45056080818176,883,75.99252533912659,883,76.2762553691864,883,76.53903555870056,883,76.90024328231812,883,77.17199444770813,883,77.4449942111969,883,78.02833485603333,883,79.67141127586365,883,80.00765204429626,883,80.28240418434143,883,80.80062508583069,883,81.09519720077515,883,81.36690187454224,883,81.96975326538086,883,82.25890707969666,883,82.68821668624878,883,82.96728730201721,883,83.2457115650177,883,83.56778836250305,883,84.123131275177,883,84.4412293434143,883,84.77170920372009,883,85.06295537948608,883,85.38050389289856,883,85.68252658843994,883,86.00094890594482,883,86.34581446647644,883,86.78385257720947,883,87.09245085716248,883,87.3652229309082,883,87.69230508804321,883,88.00570821762085,883,88.60150170326233,883,88.90931463241577,883,89.28856110572815,883,89.5939314365387,883,89.93513941764832,883,90.2577760219574,883,90.57870054244995,883,90.87315654754639,883,91.21298241615295,883,91.7355444431305,883,92.067631483078,883,92.3692717552185,883,92.85075736045837,883,93.17488121986389,883,93.47374176979065,883,93.77709722518921,883,94.13218760490417,876,94.46145462989807,874,94.98542308807373,871,95.2972183227539,871,95.65782976150513,871,95.98700451850891,871,97.82581067085266,868,98.1471483707428,868,98.46246004104614,868,98.77331447601318,865,99.13845038414001,865,99.41781115531921,865,99.72969245910645,865,100.04192781448364,863,100.34147644042969,863,100.65604615211487,862,100.98109340667725,861,101.41437578201294,860,101.69579720497131,860,102.01463294029236,860,102.31501793861389,860,102.60659646987915,855,102.95658755302429,854,103.2601990699768,852,103.59027123451233,852,103.87563061714172,851,104.52918267250061,850,104.82415413856506,850,105.10515022277832,850,105.40491032600403,850,105.70572829246521,850,105.9841947555542,850,106.31863617897034,848,106.85113406181335,848,107.16680383682251,848,107.45598244667053,848,107.77945351600647,848,108.04528760910034,848,108.36342787742615,848,108.68400597572327,848,108.9840202331543,848,109.26416516304016,848,109.57809448242188,846,109.88381743431091,846,110.1915693283081,846,110.49250364303589,846,110.80680465698242,846,111.12224268913269,846,111.50282573699951,846,111.85794997215271,846,112.18364119529724,846,112.494309425354,846,112.79719758033752,846,113.18979215621948,846,113.5106885433197,846,113.83050298690796,846,114.14486765861511,845,114.46719646453857,845,114.92034554481506,844,115.20383167266846,844,115.51257824897766,844,115.96508502960205,844,116.27673435211182,844,116.5704140663147,844,116.87256574630737,844,117.1612503528595,844,117.44445848464966,844,117.76972031593323,844,118.07643604278564,843,118.39089822769165,843,118.70882940292358,843,119.29009866714478,843,119.55149030685425,843,119.85023951530457,843,120.11055445671082,840,120.66607856750488,840,121.21486043930054,839,121.52739810943604,839,121.809406042099,839,122.12328815460205,839,122.42269444465637,839,122.73868465423584,839,123.04770255088806,839,123.40761137008667,839,123.67275714874268,839,123.9411940574646,839,124.23072981834412,839,124.53519034385681,839,124.83564066886902,839,125.10246515274048,839,125.38082885742188,839,125.67230749130249,839,126.12922167778015,839,126.42826104164124,839,126.9430181980133,839,127.22143006324768,839,127.69897842407227,839,128.0091950893402,839,128.31536483764648,839,128.5760464668274,839,129.0105242729187,839,129.36652994155884,839,129.68560099601746,838,130.0311028957367,838,130.3337824344635,838,130.64442253112793,838,130.9501132965088,838,131.24606037139893,838,131.56279516220093,837,131.91019821166992,837,132.2196910381317,837,132.503812789917,837,132.75214648246765,837,133.21435284614563,837,133.52451992034912,837,133.77593803405762,837,134.06244111061096,837,134.37470245361328,837,134.88302063941956,837,135.24437832832336,837,135.54595971107483,837,135.84174919128418,836,136.18908405303955,836,136.50262093544006,836,137.03937149047852,836,137.32382321357727,836,137.6339511871338,836,137.97055006027222,836,138.23856925964355,836,138.5419089794159,836,138.85702514648438,836,139.0981469154358,836,139.78354620933533,836,140.05024433135986,836,140.56333827972412,836,140.8577175140381,836,141.13258028030396,836,141.42183756828308,836,142.03376078605652,836,142.3529508113861,836,142.64796686172485,836,142.930743932724,836,143.36767172813416,836,143.77361464500427,836,145.4959979057312,836,146.0604395866394,836,146.3626585006714,836,146.66527843475342,836,146.96569681167603,836,147.23659873008728,836,147.54626560211182,836,147.8917055130005,836,148.15022230148315,836,148.44295573234558,836,148.74644088745117,836,149.05234622955322,836,149.3223786354065,836,149.61883020401,836,149.930242061615,836,150.23168063163757,836,150.58729720115662,836,150.8980197906494,836,151.20175528526306,836,151.54517269134521,836,151.8327715396881,836,152.1202199459076,836,152.38641810417175,836,152.68830037117004,836,152.98374032974243,836,153.5765278339386,836,153.8445098400116,836,154.16799068450928,836,154.49070501327515,836,154.82633209228516,836,155.1240770816803,836,155.47583770751953,836,155.76810479164124,836,156.08003497123718,836,156.38251495361328,836,156.6467845439911,836,156.97559690475464,836,157.34036135673523,836,157.59504508972168,836,157.91653275489807,836,158.21848964691162,836,158.53298330307007,836,158.83620738983154,836,159.14088606834412,836,159.42855715751648,836,159.73788928985596,836,160.01696300506592,836,160.33553457260132,836,160.62580227851868,834,160.95111846923828,834,161.28566980361938,834,161.6210560798645,834,162.1666874885559,834,162.49002742767334,834,162.76937556266785,834,163.05095553398132,832,163.3655457496643,832,163.6380262374878,832,163.95557260513306,832,164.28809356689453,832,164.59855604171753,832,164.9173927307129,832,165.20322513580322,832,165.51305055618286,832,165.79485511779785,832,166.06774926185608,832,166.38737773895264,832,166.7095103263855,832,167.01187372207642,832,167.3156213760376,832,167.63713717460632,832,167.97609424591064,832,168.32364654541016,832,168.63923048973083,832,168.97585248947144,832,169.27310824394226,832,169.65002250671387,832,169.96309900283813,832,170.26634740829468,832,170.54720449447632,832,171.04666471481323,832,171.36611318588257,832,171.66212463378906,832,171.98375844955444,832,172.2671992778778,832,172.55874037742615,832,172.87891674041748,832,173.2303421497345,832,173.50725317001343,832,173.8200182914734,832,174.09282565116882,832,174.35328269004822,832,174.6826512813568,832,174.9648778438568,832,175.55381417274475,832,175.92187213897705,832,176.2375500202179,832,176.58799695968628,832,176.90578365325928,832,177.5527319908142,832,177.8374273777008,832,178.1652398109436,832,178.44901609420776,832,178.75895881652832,832,179.05327796936035,832,179.34565234184265,832,179.64673829078674,832,179.9613699913025,832,180.26721215248108,832,180.58051133155823,832,180.9236695766449,832,181.45753169059753,832,181.75956535339355,832,182.35614132881165,832,182.670916557312,832,182.9731125831604,832,183.5383756160736,832,183.8376326560974,832,184.1429717540741,832,184.42409777641296,832,184.73467707633972,832,185.30788707733154,832,185.59770941734314,832,185.89054465293884,832,186.36116647720337,832,186.68880343437195,832,187.0714716911316,832,187.3526771068573,832,187.66343665122986,832,187.9671187400818,832,188.24776697158813,832,188.525621175766,832,188.8290524482727,832,189.42656111717224,832,189.98827838897705,832,190.2980170249939,832,190.58242058753967,832,190.89265275001526,831,191.21176767349243,831,191.53499698638916,831,191.82916808128357,831,192.19976949691772,831,192.50137853622437,831,193.04836463928223,831,193.29472184181213,831,193.56702613830566,831,193.84293460845947,831,194.13037180900574,831,194.42305970191956,831,194.7324755191803,831,195.30444860458374,831,195.57830834388733,831,196.15208220481873,831,196.45549416542053,831,196.76616430282593,831,197.0535454750061,831,197.37314462661743,831,197.67797541618347,831,197.9842026233673,831,198.26357769966125,831,198.56300616264343,831,198.89386820793152,831,199.1968696117401,831,199.49811840057373,831,200.04189038276672,831,200.33406829833984,831,200.61548733711243,831,200.90187740325928,831,201.24257445335388,831,201.56412744522095,831,201.85199117660522,831,202.19220447540283,831,202.49032926559448,831,202.7796652317047,831,203.08623266220093,831,203.40358138084412,831,203.87366199493408,831,204.1894268989563,831,204.48304224014282,831,204.83454489707947,831,205.11688828468323,831,205.45947909355164,831,205.75327849388123,831,206.1245038509369,831,206.45299553871155,831,206.7853765487671,831,207.0893895626068,831,207.40015029907227,831,207.71235609054565,831,208.0212574005127,831,208.30207705497742,831,208.61651802062988,831,209.14601707458496,831,209.47035813331604,831,209.9294877052307,831,210.1910843849182,831,210.73028135299683,831,211.0424826145172,831,211.54121780395508,831,211.9048068523407,831,212.17804098129272,831,212.47828578948975,831,212.84354209899902,831,213.13467741012573,831,213.73047399520874,831,214.04370069503784,831,214.36734652519226,831,214.65067744255066,831,214.94214248657227,831,215.62558889389038,831,215.9194872379303,831,216.19748163223267,831,216.4663143157959,831,216.77150511741638,831,217.0937397480011,831,217.41472172737122,831,217.7391951084137,831,218.0231852531433,831,218.4118127822876,831,218.74410796165466,831,219.0768654346466,831,219.3983278274536,831,219.67426800727844,831,220.31449389457703,831,220.64729642868042,831,220.99304366111755,831,221.3078145980835,831,221.61680817604065,831,221.92423272132874,831,222.24205350875854,831,222.5612597465515,831,224.28769755363464,831,224.59897351264954,831,224.9179072380066,831,225.2220697402954,831,225.77303910255432,831,226.08308672904968,831,226.39387202262878,831,226.71891140937805,831,227.02295422554016,831,227.32583618164062,831,227.61690855026245,831,228.31250190734863,830,228.62941145896912,830,229.15966963768005,830,229.50929188728333,830,229.83457136154175,830,230.17137050628662,830,230.69520449638367,830,230.97668719291687,829,231.31096291542053,829,231.6191806793213,829,231.92714166641235,829,232.24998116493225,829,232.5433645248413,829,232.9827103614807,829,233.29555225372314,829,233.80123567581177,829,234.1538484096527,829,234.4514925479889,829,234.722740650177,829,235.0096583366394,829,235.35218954086304,829,235.66003799438477,829,235.92864871025085,829,236.41678929328918,829,236.7188355922699,829,237.05187678337097,829,237.41305875778198,829,237.74477863311768,829,238.08215832710266,829,238.36807370185852,829,238.6586103439331,829,238.95435547828674,829,239.27534556388855,829,239.79366421699524,829,240.1114592552185,829,240.47641968727112,829,240.7791931629181,829,241.05967354774475,829,241.3854455947876,829,241.70798921585083,829,242.02070546150208,829,242.33421516418457,829,242.6581892967224,829,242.94660449028015,829,243.25391960144043,829,243.55634331703186,829,243.86814212799072,829,244.20042181015015,829,244.56711173057556,829,245.10721397399902,829,245.71205878257751,829,246.04497981071472,829,246.3758270740509,829,246.6934552192688,829,247.0106599330902,829,247.30455136299133,829,247.6217601299286,829,247.97383069992065,829,248.2797393798828,829,248.87337183952332,829,249.13878750801086,829,249.47625255584717,829,249.76758193969727,829,250.05375838279724,829,250.62980914115906,829,250.9337866306305,829,251.23932600021362,829,251.49978518486023,829,251.84664392471313,829,252.1301610469818,829,252.40996646881104,829,253.08998084068298,829,253.37577652931213,829,253.67450976371765,829,253.96151614189148,829,254.27793288230896,829,254.58017349243164,829,254.88023805618286,829,255.1985945701599,829,255.50091791152954,829,255.77153253555298,829,256.10214471817017,829,256.41738843917847,829,256.7354772090912,829,256.9893355369568,829,257.30543279647827,829,257.6104335784912,829,257.92091131210327,829,258.255099773407,829,258.58454394340515,829,259.04271125793457,829,259.60574650764465,829,259.9434039592743,829,260.2381589412689,829,260.55115008354187,829,260.86420941352844,829,261.150187253952,829,261.44438338279724,829,261.7440092563629,829,262.0582962036133,829,262.33983612060547,829,262.64536118507385,829,262.95222067832947,829,263.2334268093109,829,263.57651925086975,829,263.8907163143158,829,264.502201795578,829,264.7927875518799,829,265.0813047885895,829,265.3887393474579,829,265.7089567184448,829,266.0209000110626,829,266.38609051704407,829,266.70421624183655,829,266.9962911605835,829,267.5718171596527,829,267.89282417297363,829,268.17889046669006,829,268.46045660972595,829,268.8325734138489,829,269.1604859828949,829,269.4441394805908,829,269.73783445358276,829,269.98034262657166,829,270.2750277519226,829,270.5751383304596,829,270.8544487953186,829,271.1604745388031,829,271.44755458831787,829,271.7616412639618,829,272.05448174476624,829,272.34348225593567,829,272.61340403556824,829,272.8983414173126,829,273.1537766456604,829,273.48812222480774,829,273.7726457118988,829,274.0582220554352,829,274.3886959552765,829,274.80758571624756,829,275.1030168533325,829,275.40232491493225,829,275.71533584594727,829,276.0201952457428,829,276.3308775424957,829,276.60347509384155,829,276.88056111335754,829,277.17360639572144,829,277.4393846988678,829,277.7335240840912,829,277.978999376297,829,278.3280441761017,829,278.6642644405365,829,278.9885268211365,829,279.2707669734955,829,279.5354926586151,829,279.83827328681946,829,280.19264125823975,829,280.48110604286194,829,280.7643415927887,829,281.02867460250854,829,281.644225358963,829,281.9867432117462,829,282.2816491127014,829,282.9720125198364,829,283.29810547828674,829,283.62983894348145,829,283.93386697769165,829,285.6297070980072,829,286.1894748210907,829,286.7698938846588,829,287.06500935554504,829,287.35116839408875,829,287.6397268772125,829,287.94371724128723,829,288.2377507686615,829,289.9304003715515,829,290.3708436489105,829,290.7001533508301,829,291.20656275749207,829,291.50050687789917,829,291.7687249183655,829,292.09116888046265,829,292.38060569763184,829,292.6637978553772,829,292.954172372818,829,293.2707259654999,829,293.5693838596344,829,293.8663465976715,829,294.1431567668915,829,294.4400894641876,829,294.73743057250977,829,295.24846959114075,827,295.7179527282715,827,296.02250623703003,825,296.3387176990509,825,296.61857891082764,825,296.91750383377075,825,297.22528648376465,825,297.54538798332214,825,297.8520841598511,825,298.13945746421814,825,298.57532501220703,825,298.9974353313446,825,299.27837562561035,825,299.6156196594238,825,299.93075299263,825,300.1204707622528
3,random graphs/triangle/r1.5k24n16/graph3.lgbin,1286,202.79308676719666,773,1682,0,1580,0.36038780212402344,1486,0.6634845733642578,1393,0.9757051467895508,1291,1.8164048194885254,1219,2.127126693725586,1154,2.454489231109619,1140,2.775392770767212,1099,3.0996029376983643,1084,3.417715549468994,1063,3.88865065574646,1049,4.212823867797852,1037,4.534121751785278,1020,4.862189292907715,1002,5.219212770462036,993,5.521148681640625,987,5.828288793563843,983,6.1213157176971436,974,6.450384855270386,970,6.914637327194214,967,7.2203593254089355,959,7.671013832092285,949,7.965195417404175,949,8.254190921783447,947,8.590303897857666,946,9.196429967880249,941,9.505685091018677,940,9.817667007446289,938,10.129910469055176,936,10.482196569442749,930,10.885751247406006,928,11.202601194381714,927,11.458229541778564,923,11.815240383148193,923,12.131860494613647,914,12.441387414932251,911,12.760493516921997,909,13.058886289596558,906,13.369080543518066,899,13.715223550796509,894,14.028072118759155,893,14.318551063537598,892,14.671041011810303,892,14.971763849258423,892,15.505984783172607,892,15.794021844863892,892,16.105623960494995,891,16.41947078704834,891,16.677724838256836,891,16.976622581481934,891,17.32024574279785,891,17.89043164253235,891,18.19157576560974,891,18.46436333656311,889,19.048352003097534,889,19.31686568260193,889,19.648707389831543,889,19.958234310150146,889,20.51330304145813,889,20.885576248168945,889,21.46949577331543,889,21.92411518096924,889,22.223669052124023,889,22.7333767414093,889,23.02187943458557,889,23.29314088821411,889,23.73020839691162,889,24.023856163024902,889,24.316829442977905,889,24.606184720993042,888,25.161543607711792,888,25.45328378677368,888,25.70700168609619,888,26.025214433670044,888,26.34049129486084,887,26.662716150283813,884,27.22738790512085,883,27.490556240081787,880,27.86480474472046,879,28.189963817596436,877,28.515233755111694,876,28.970048189163208,876,29.2758572101593,875,29.604703664779663,875,30.20415711402893,870,30.7507061958313,870,31.036978244781494,869,31.339447021484375,869,31.86693239212036,869,32.21199321746826,869,32.47378158569336,869,32.8479106426239,869,33.130127906799316,869,33.44615888595581,869,33.76526641845703,869,34.064635038375854,869,34.39877533912659,869,34.714781761169434,869,35.040998220443726,867,35.38793349266052,867,35.71772289276123,866,36.04947304725647,866,36.39813017845154,866,36.708329916000366,866,36.99549698829651,866,37.32349610328674,866,37.64269423484802,866,37.996830701828,866,38.28695201873779,866,38.59289336204529,866,38.86015248298645,863,39.18651819229126,863,39.457233905792236,863,39.76423907279968,862,40.117549657821655,858,40.39612340927124,858,40.6639518737793,856,41.32843351364136,856,41.60637044906616,856,41.96134042739868,855,42.30647897720337,854,42.62817668914795,848,43.16004776954651,846,43.4392774105072,846,43.74657464027405,846,44.04239344596863,846,44.39251923561096,846,44.71303033828735,844,44.96975302696228,844,45.356743574142456,844,45.692203998565674,844,45.966063261032104,844,46.263123989105225,844,46.54928517341614,844,46.868850231170654,844,47.18356943130493,844,47.50297784805298,843,48.02940535545349,843,48.33858680725098,843,48.65344786643982,843,48.967355728149414,843,49.283525466918945,843,49.55906295776367,843,49.90329384803772,843,50.17904591560364,843,50.494062423706055,843,50.8368501663208,843,51.09809947013855,843,51.43717002868652,843,51.747231245040894,843,52.056429624557495,843,52.3608615398407,843,52.65956783294678,843,52.97185683250427,843,53.25889730453491,843,53.542381286621094,843,53.83747410774231,843,54.43335485458374,843,54.73487401008606,843,55.02839469909668,843,55.457026720047,843,55.927942752838135,843,56.41603183746338,843,56.67611289024353,843,56.975865602493286,843,57.31274890899658,843,57.58473443984985,843,57.90713620185852,843,58.236552476882935,843,58.528868198394775,843,58.82288455963135,843,59.11320471763611,843,59.6413197517395,843,59.93449902534485,843,60.21771502494812,843,60.50899577140808,843,60.810667276382446,843,61.123209953308105,843,61.418190240859985,843,61.75014567375183,843,62.02015495300293,843,62.35957932472229,843,62.662046670913696,843,62.90961575508118,843,63.24269342422485,843,63.80186462402344,843,64.3213837146759,843,64.59905934333801,843,64.98044013977051,843,65.31196212768555,843,65.63567757606506,843,65.92854595184326,843,66.27904224395752,843,66.60141825675964,843,66.90059018135071,843,67.2174723148346,843,67.52832627296448,843,67.86769938468933,843,68.16546773910522,843,68.45099258422852,843,68.76138186454773,843,69.07878279685974,843,69.39148807525635,843,69.69022870063782,843,69.98520708084106,843,70.29683804512024,842,70.62228322029114,842,70.93026185035706,842,71.25291848182678,841,71.55888175964355,841,71.90787839889526,841,72.4234266281128,841,72.72381496429443,841,73.01841974258423,841,73.29915118217468,840,73.62196087837219,840,73.93195986747742,840,74.24104738235474,840,74.53167867660522,840,75.00379705429077,840,75.33560752868652,840,75.84913730621338,839,76.19156050682068,839,76.49555444717407,839,76.80382513999939,839,77.08114004135132,838,77.4242193698883,838,77.7614574432373,838,78.05638289451599,838,78.72451734542847,838,79.01449394226074,837,79.35148358345032,837,79.6697793006897,837,79.97187757492065,837,80.2916042804718,837,80.5754942893982,837,80.84780406951904,837,81.12990427017212,837,81.44157099723816,837,81.80585312843323,837,82.13840246200562,837,82.47776412963867,837,82.83521103858948,837,83.1749038696289,837,83.48112916946411,837,83.79322075843811,837,84.11338114738464,837,84.41438579559326,837,84.88617825508118,837,85.22456073760986,837,85.52004480361938,837,85.81620907783508,837,86.14185357093811,837,86.44076704978943,837,86.77219796180725,837,87.05079746246338,837,87.59013533592224,837,87.900151014328,837,88.34111261367798,835,88.70137882232666,835,88.99649596214294,835,89.57247710227966,835,90.13342356681824,835,90.4681179523468,835,90.76273512840271,833,91.04714703559875,833,91.41660284996033,833,91.71380257606506,830,91.98951292037964,829,92.26952314376831,829,92.54074311256409,828,92.86035108566284,828,93.1952474117279,825,93.52564835548401,822,93.87465572357178,820,94.16436553001404,820,94.43774724006653,820,94.80494856834412,820,95.11891889572144,818,95.4475646018982,818,95.75856494903564,817,96.04888772964478,816,96.36885786056519,816,96.62942171096802,816,96.94286751747131,816,97.24432706832886,815,97.56225395202637,815,97.8268518447876,815,98.15660071372986,815,98.53341054916382,815,98.8445131778717,815,99.35377860069275,813,99.70429039001465,804,100.04874086380005,801,100.39004945755005,797,100.69284963607788,797,101.02709937095642,797,101.31120014190674,797,101.62512612342834,797,101.92681980133057,797,102.22556829452515,797,102.50871109962463,797,102.83157420158386,797,103.14033508300781,797,103.40952014923096,794,103.75054121017456,794,104.0375452041626,793,104.36861300468445,793,104.65762686729431,793,105.21427464485168,793,105.531911611557,793,105.85841059684753,793,106.17650175094604,793,106.47271013259888,793,106.72956681251526,793,107.05877709388733,793,107.3643114566803,793,107.70151162147522,793,108.00880646705627,791,108.34181547164917,791,108.64985704421997,791,108.92035150527954,791,109.22382426261902,791,109.50809144973755,791,109.84850645065308,791,110.15882921218872,791,110.76974153518677,791,111.02303290367126,791,111.33705067634583,791,111.87401247024536,789,112.36903786659241,789,112.6729781627655,789,114.4766013622284,789,115.10963940620422,789,115.40505337715149,789,115.70564794540405,789,115.9944908618927,789,116.52773022651672,789,117.00532341003418,789,117.31186318397522,789,119.18185591697693,789,119.52529788017273,789,119.86500024795532,789,120.5126359462738,789,120.8389778137207,789,121.1446704864502,789,121.47467994689941,789,121.78004169464111,789,122.10013914108276,789,122.4591178894043,789,122.75228881835938,789,123.06262445449829,789,123.36827611923218,789,125.2064483165741,789,125.56428027153015,789,126.11806511878967,789,126.44317531585693,789,126.72596216201782,789,127.06134343147278,789,127.34464502334595,789,127.76241850852966,789,128.04230618476868,789,128.34598016738892,789,128.72861194610596,789,129.01181077957153,789,129.32614636421204,789,129.67987704277039,789,130.0092442035675,789,130.31979036331177,789,130.63052558898926,789,130.96701002120972,789,131.2783944606781,789,131.58562994003296,789,131.87051701545715,789,132.2227544784546,789,132.52740049362183,789,132.85210180282593,789,133.5496792793274,789,133.8296675682068,789,134.1473126411438,789,134.7156481742859,787,135.05329489707947,787,135.376446723938,782,135.75239825248718,782,136.0384166240692,782,136.3577926158905,782,136.6859314441681,781,137.01685762405396,781,137.31001377105713,781,137.60951209068298,781,137.90236234664917,781,138.20002436637878,781,138.52271366119385,781,138.80979561805725,781,139.15553045272827,781,139.4853856563568,781,139.97161078453064,781,140.4256465435028,781,140.86795234680176,781,141.43040895462036,781,141.76823496818542,781,142.35019540786743,781,142.67495584487915,781,142.98673510551453,781,143.30012583732605,781,143.62481904029846,781,144.19760537147522,781,144.76543617248535,781,145.3169720172882,781,145.9024691581726,781,146.20067167282104,781,146.73942708969116,781,147.33046054840088,781,147.65111804008484,781,147.96745109558105,781,148.26799607276917,781,148.53278374671936,781,148.82741236686707,781,149.32125186920166,781,149.62003445625305,781,150.17043137550354,781,150.50880098342896,781,150.79120326042175,781,151.18398308753967,781,151.44993782043457,781,151.72780323028564,781,152.01356673240662,780,152.47889280319214,780,152.80405735969543,780,153.1114718914032,780,153.43830060958862,780,153.73670029640198,780,154.05485010147095,780,154.3549280166626,780,154.64398074150085,780,155.32912182807922,780,155.6697690486908,780,155.99346280097961,780,156.2832272052765,780,156.5708212852478,780,156.87788820266724,780,157.4672236442566,780,157.81593346595764,780,158.41363382339478,780,158.71952366828918,780,159.1436004638672,780,159.4517412185669,780,159.74572014808655,780,160.03226041793823,780,160.3383822441101,780,160.61187028884888,780,160.90379452705383,780,161.1943278312683,780,161.49696350097656,780,162.08453726768494,780,162.38733434677124,780,162.70103526115417,780,163.01059556007385,780,163.2878613471985,780,163.86483883857727,780,164.1946370601654,780,164.51217818260193,780,164.95284605026245,780,165.3148148059845,780,165.5936942100525,780,165.89324164390564,780,166.21378779411316,779,166.53699779510498,779,166.86334490776062,779,167.1602578163147,779,167.5172553062439,779,167.81066155433655,779,168.10475397109985,779,168.39357662200928,779,168.66167950630188,779,168.9608826637268,779,169.26473021507263,779,169.56183338165283,779,169.97309279441833,779,170.2936635017395,779,170.62981820106506,778,170.94049334526062,778,171.25212216377258,778,171.53876852989197,778,171.83710265159607,778,172.16037011146545,778,172.46015238761902,778,172.7491319179535,778,173.04590368270874,778,173.63096976280212,778,173.92327690124512,778,174.21678614616394,778,174.51643252372742,778,175.02255272865295,778,175.30607891082764,778,175.57017159461975,778,175.84652519226074,778,176.13172054290771,778,176.43994331359863,778,176.70455884933472,778,176.9983868598938,778,177.3074312210083,778,179.06210279464722,778,179.35832595825195,778,179.67991137504578,778,179.9836630821228,778,180.2860553264618,778,180.57504153251648,778,180.86433959007263,778,181.14812922477722,778,181.42883610725403,778,181.78048849105835,778,182.07440495491028,778,182.39363861083984,778,182.98547744750977,778,183.27717542648315,778,183.5643379688263,778,183.862455368042,778,184.1698317527771,778,184.77206087112427,778,185.08348155021667,778,185.37266421318054,778,185.68514847755432,778,186.0131676197052,778,186.27651929855347,778,186.61072826385498,778,186.91776132583618,778,187.21161770820618,778,187.51915335655212,778,187.81694221496582,778,188.13180994987488,778,188.4866452217102,778,189.0549247264862,778,189.34829545021057,778,189.6141288280487,778,189.90919494628906,778,190.17281436920166,778,190.741206407547,778,191.2883620262146,778,191.59269952774048,778,192.11044001579285,778,192.40846014022827,778,192.75508880615234,778,193.02587842941284,778,193.51320838928223,778,193.803857088089,778,194.12950348854065,778,194.43534445762634,778,194.77130460739136,778,195.0563085079193,778,195.34602761268616,778,195.61450290679932,778,195.9174780845642,778,196.21350502967834,778,196.5217785835266,778,196.84474325180054,778,197.154230594635,778,198.89028692245483,778,199.193199634552,778,199.7056849002838,778,200.02263617515564,778,200.33217310905457,778,200.85325479507446,778,201.18700337409973,778,201.45573663711548,778,201.74910259246826,778,202.01759219169617,778,202.34572911262512,778,202.65250945091248,778,202.99403524398804,778,203.3814399242401,778,203.67415046691895,778,203.99251675605774,778,204.29616332054138,778,204.59639883041382,778,204.85949540138245,778,205.19434452056885,778,205.48710227012634,778,205.74838018417358,778,206.04295587539673,778,206.3311321735382,778,207.06948447227478,778,207.72406387329102,778,208.02284145355225,778,208.31936168670654,778,208.8746039867401,778,209.16162633895874,778,209.48834109306335,778,209.7906847000122,778,210.06765723228455,778,210.36943864822388,778,210.6665904521942,778,210.99662256240845,778,211.42410826683044,778,211.67532300949097,778,211.9538152217865,778,212.52322363853455,778,212.81610798835754,778,213.12693762779236,778,213.4483299255371,778,213.7278106212616,778,213.9922502040863,778,214.50461316108704,778,215.1018533706665,778,215.42880749702454,778,215.75765872001648,778,216.05192017555237,778,216.3786039352417,778,216.95279049873352,778,217.23733711242676,778,217.50817728042603,778,217.81424355506897,778,218.11625838279724,778,218.41713762283325,778,218.6942834854126,778,219.00364518165588,778,219.3128228187561,778,219.61256504058838,778,219.94547700881958,778,220.51536965370178,778,220.83341670036316,778,221.29589557647705,778,221.5822012424469,778,221.85944819450378,778,222.39730381965637,778,222.69978141784668,778,223.06267833709717,778,223.3546142578125,778,223.64455842971802,778,224.1639380455017,778,224.45359659194946,778,224.74258184432983,778,225.01706528663635,778,225.3553638458252,778,227.21135330200195,778,227.53992819786072,778,227.8525083065033,778,228.1131477355957,778,228.4108579158783,778,228.74692034721375,778,229.0594024658203,778,229.37703561782837,778,229.64885091781616,778,229.96543145179749,778,230.28015995025635,778,230.78958344459534,778,231.12186670303345,778,231.43704533576965,778,232.03402423858643,778,232.3239095211029,778,232.6303632259369,778,232.93125367164612,778,233.2532205581665,778,233.52743935585022,778,233.83500385284424,778,234.1133532524109,778,234.42038440704346,778,234.7394313812256,778,235.01257014274597,778,235.3179576396942,778,235.62978196144104,778,235.90157294273376,778,236.1970250606537,778,236.66449904441833,778,236.95343732833862,778,237.22705626487732,778,237.5047483444214,778,237.81123232841492,778,238.3170382976532,778,238.61674427986145,778,238.97632718086243,778,239.278333902359,778,239.58340859413147,778,239.91037678718567,778,240.20865607261658,778,240.5277543067932,778,240.80762338638306,778,241.07950615882874,778,241.39101552963257,778,241.70887780189514,778,241.9827332496643,778,242.2589910030365,778,242.55533623695374,778,242.85330939292908,778,243.13923811912537,778,243.4324493408203,778,243.69307661056519,778,244.00109434127808,778,244.31457018852234,778,244.61731696128845,778,244.89174556732178,778,245.16253018379211,778,245.46280241012573,778,245.75908589363098,778,246.4021134376526,778,246.7294683456421,778,247.13978385925293,778,247.4010181427002,778,247.87558913230896,778,248.19181203842163,778,248.5208179950714,778,248.77481126785278,778,249.03342032432556,778,249.34594058990479,778,249.64768147468567,778,249.9385666847229,778,250.24040174484253,778,250.54326510429382,778,251.0378737449646,778,251.34715485572815,778,251.6480655670166,778,251.9581503868103,778,252.284250497818,778,252.5630223751068,778,252.85552263259888,778,253.38373112678528,778,253.6791033744812,778,253.98865389823914,778,254.56835508346558,778,254.86746549606323,778,255.16858863830566,778,255.49982333183289,778,255.76509499549866,778,256.04813623428345,778,256.5745644569397,778,256.85865664482117,778,257.15065836906433,778,257.45088171958923,778,257.7158205509186,778,258.0128924846649,778,258.334477186203,778,258.59915232658386,778,258.9901587963104,778,259.4300124645233,778,259.73120760917664,778,260.0273082256317,778,260.3386993408203,778,260.8342182636261,778,261.0855977535248,778,261.37912011146545,778,261.6548628807068,778,262.25608134269714,778,262.5638885498047,778,262.8530216217041,778,263.3254497051239,778,263.6576807498932,778,263.9797296524048,778,264.28001165390015,778,264.5831067562103,778,264.8470001220703,778,265.1382007598877,778,265.467604637146,778,265.8904278278351,778,266.1855778694153,778,266.5009500980377,778,266.9748423099518,777,267.3013753890991,777,267.6115412712097,776,267.96620655059814,773,268.29696583747864,773,268.5985939502716,773,268.8715600967407,773,269.15555691719055,773,269.70203971862793,773,269.9892761707306,773,270.2957353591919,773,270.6089699268341,773,270.9104337692261,773,271.1994047164917,773,271.7673635482788,773,272.23895144462585,773,272.5484745502472,773,272.89954948425293,773,273.18279337882996,773,273.4973216056824,773,273.81122875213623,773,274.1487600803375,773,274.661926984787,773,274.9537265300751,773,275.3181390762329,773,275.6180121898651,773,275.90703296661377,773,276.422340631485,773,276.7109944820404,773,277.0022122859955,773,277.3316824436188,773,277.9156277179718,773,278.23438358306885,773,278.5036404132843,773,278.81444358825684,773,279.13078260421753,773,279.4516432285309,773,279.73940777778625,773,280.0522017478943,773,280.38296270370483,773,280.6755075454712,773,280.983136177063,773,281.2636339664459,773,281.58219146728516,773,281.84823989868164,773,282.3805959224701,773,282.65962171554565,773,283.10112261772156,773,283.3933353424072,773,283.71260380744934,773,284.2447063922882,773,284.559903383255,773,284.8724408149719,773,285.1794807910919,773,285.5922164916992,773,285.84950280189514,773,287.4549446105957,773,287.7596266269684,773,288.0955386161804,773,288.4280455112457,773,288.7220768928528,773,289.0396912097931,773,289.33672976493835,773,289.634149312973,773,289.98109459877014,773,290.27530169487,773,290.55775356292725,773,290.81161618232727,773,291.11746168136597,773,291.45920729637146,773,291.9141366481781,773,292.1790871620178,773,292.43939542770386,773,292.77789211273193,773,293.0812361240387,773,293.3966941833496,773,293.7141811847687,773,294.02253913879395,773,294.2868528366089,773,294.6187000274658,773,294.9154312610626,773,295.1687443256378,773,295.4922502040863,773,295.80983901023865,773,296.0744993686676,773,296.6547198295593,773,296.9551479816437,773,297.2302324771881,773,297.8174192905426,773,298.4174976348877,773,298.7474915981293,773,299.0377209186554,773,299.6761829853058,773,300.1611502170563
4,random graphs/triangle/r1.5k24n16/graph4.lgbin,1286,201.785902261734,875,1770,0,1672,0.3399066925048828,1560,0.8240032196044922,1477,1.177340030670166,1416,1.5052576065063477,1358,1.8264667987823486,1341,2.124380111694336,1303,2.431914806365967,1261,2.7514195442199707,1230,3.0390706062316895,1215,3.419032573699951,1202,3.7034332752227783,1184,4.027563571929932,1163,4.535661458969116,1150,5.049365758895874,1140,5.358444690704346,1110,5.793110609054565,1091,6.33417272567749,1072,6.671314239501953,1056,6.993655443191528,1044,7.318917274475098,1043,7.672070503234863,1036,8.00283670425415,1030,8.315046787261963,1026,8.837703704833984,1023,9.140500545501709,1019,9.468926668167114,1017,9.826122045516968,1016,10.106844425201416,1015,10.405519008636475,1011,10.759310483932495,1011,11.067319631576538,1010,11.38427209854126,1009,11.744023323059082,1003,12.107130765914917,1002,12.397451162338257,997,12.708655595779419,992,12.98822283744812,992,13.323389768600464,991,13.69564938545227,984,13.996958494186401,983,14.38245964050293,982,14.680266380310059,982,14.949536323547363,981,15.415185928344727,981,15.72489619255066,981,16.157685041427612,981,16.460543870925903,981,16.809420108795166,981,17.103628873825073,979,17.439232349395752,977,17.729247331619263,975,18.089688062667847,973,18.400133848190308,973,18.683204650878906,972,19.19270157814026,971,19.618006944656372,969,19.96956706047058,969,20.592581272125244,968,20.89561104774475,968,21.222251415252686,968,21.57884645462036,968,21.93667483329773,968,22.20712113380432,968,22.51433825492859,967,22.820618152618408,966,23.182417392730713,965,23.4910991191864,961,23.85453224182129,961,24.160905361175537,961,24.44591188430786,960,24.813753843307495,959,25.158709287643433,959,25.49111795425415,958,25.800455808639526,958,26.09401297569275,958,26.39646053314209,957,26.735448598861694,955,27.28947901725769,953,27.620330810546875,952,27.960444450378418,952,28.276386976242065,952,28.622416019439697,951,28.982890367507935,949,29.34285807609558,946,29.66211462020874,945,29.99476385116577,945,30.336851596832275,945,30.604236602783203,944,30.932323455810547,942,31.59279489517212,942,31.92411518096924,941,32.202895164489746,941,32.53492188453674,941,32.83916759490967,941,33.14287328720093,941,33.43976140022278,941,33.69976782798767,941,33.97664546966553,941,34.280627489089966,941,34.59007906913757,940,34.87833023071289,939,35.236459732055664,939,35.760003328323364,939,36.05384087562561,939,36.62615346908569,939,38.68483209609985,939,39.14269471168518,937,39.440847396850586,935,39.74086117744446,934,40.03732252120972,933,40.35667657852173,933,40.66341257095337,932,40.9929313659668,932,41.57679867744446,932,41.863412857055664,932,42.18615412712097,932,42.549492597579956,929,42.89186406135559,929,43.21135354042053,929,43.47890639305115,929,43.96738243103027,927,44.27101111412048,926,44.590243101119995,925,45.06795406341553,925,45.378196239471436,925,45.64260721206665,925,45.930731534957886,925,46.22813010215759,925,46.76125955581665,925,47.39741134643555,925,47.980684995651245,925,48.285722494125366,925,48.59363055229187,925,49.13197946548462,925,49.446555614471436,924,49.77436900138855,923,50.104827642440796,921,50.36940908432007,921,50.67371320724487,921,50.982444286346436,921,51.422104597091675,921,51.75980234146118,921,52.06185579299927,921,52.35285401344299,921,52.64711284637451,921,53.02460718154907,921,53.30094909667969,921,53.61491560935974,921,53.92742609977722,921,54.24046611785889,921,54.539954662323,921,54.81869840621948,921,55.13250541687012,921,55.41596293449402,921,55.72504448890686,921,56.0290961265564,921,56.351229667663574,921,56.688910245895386,921,57.014702558517456,921,57.54617738723755,921,57.830262899398804,921,58.39440202713013,921,58.71221923828125,921,59.02955865859985,921,59.3537871837616,921,59.67337203025818,921,60.0112988948822,921,60.49471950531006,921,60.987534046173096,921,61.297988176345825,921,61.62300157546997,921,61.944047689437866,921,62.598267793655396,920,62.92463564872742,920,63.239426136016846,920,63.929439544677734,920,64.24595713615417,920,64.537424325943,920,64.86699390411377,920,65.1523208618164,920,65.81651973724365,920,66.10343289375305,920,66.39540529251099,920,66.7004656791687,916,67.02701020240784,916,67.29427552223206,916,67.58496618270874,916,68.14038372039795,916,68.42816162109375,916,68.76070284843445,916,69.06117463111877,916,69.31696820259094,916,69.60776019096375,916,70.22874855995178,916,70.58184909820557,916,70.93039178848267,916,71.26310777664185,916,71.55776143074036,916,71.88698172569275,916,72.18958306312561,916,72.49338817596436,915,72.80021667480469,915,73.1279628276825,915,73.44738721847534,915,73.78998327255249,915,74.3481011390686,915,74.65452718734741,915,74.9560546875,915,75.27032208442688,915,75.6408007144928,915,75.96903705596924,915,76.26223945617676,915,76.71228671073914,914,78.40113925933838,914,78.69018459320068,914,79.02047657966614,914,79.34550404548645,914,79.61856698989868,914,79.92346119880676,914,80.17834639549255,914,80.44946932792664,914,80.77461838722229,914,81.28247714042664,914,81.8930094242096,914,82.22751522064209,914,82.52670574188232,914,82.84946608543396,914,83.18493700027466,914,83.50011134147644,914,84.07254147529602,914,84.36319875717163,914,84.69185090065002,914,84.99673748016357,914,85.33721733093262,914,85.65837335586548,914,86.24462342262268,914,86.544682264328,914,86.859055519104,914,87.38176131248474,914,87.67564368247986,914,87.95944786071777,914,88.52811908721924,914,88.83802556991577,914,89.1383421421051,914,89.83669233322144,914,90.16625499725342,914,90.47938752174377,914,90.79691576957703,914,91.12267208099365,914,91.45241093635559,914,91.75618171691895,914,92.28803181648254,914,92.6002094745636,914,92.92198014259338,914,93.25909495353699,914,93.567866563797,914,94.17805552482605,914,94.48281598091125,914,94.76512289047241,914,95.44026017189026,913,95.82041335105896,913,96.13171005249023,913,96.49363231658936,913,96.96124529838562,913,97.26830911636353,913,97.59154915809631,913,97.9149878025055,913,98.27428889274597,913,98.78479099273682,913,99.12849164009094,913,99.41084551811218,913,100.04968667030334,913,100.30807614326477,913,100.61545634269714,913,101.13984704017639,913,101.66399550437927,913,103.30824685096741,913,103.82632088661194,912,104.16818809509277,912,104.47491645812988,912,104.77377772331238,912,105.42783451080322,912,105.70797276496887,912,106.06448364257812,912,106.39652132987976,912,106.73888874053955,912,107.09815382957458,912,107.42673921585083,912,107.75309538841248,912,108.0392415523529,912,108.40300250053406,912,108.70532488822937,912,109.01930856704712,912,109.35026717185974,912,109.70562505722046,912,109.99040126800537,912,110.32595014572144,912,110.60955834388733,912,111.13800883293152,912,111.43339848518372,912,111.91485977172852,912,112.33845400810242,912,112.66142892837524,912,112.99823188781738,912,113.3146493434906,912,113.63193392753601,912,113.99809980392456,912,114.56351661682129,912,114.86433935165405,912,115.17491793632507,912,115.48719429969788,912,115.81392788887024,912,116.2020275592804,912,116.53445553779602,912,116.8526349067688,912,117.49180364608765,912,117.85117721557617,912,118.20460963249207,912,118.58483552932739,912,118.86181426048279,912,119.18837070465088,912,119.54931616783142,912,120.12532377243042,912,120.46072435379028,912,120.8229386806488,912,121.17028141021729,912,121.51404666900635,912,121.86475396156311,912,122.1651177406311,912,122.46063256263733,912,123.02601051330566,912,123.40774869918823,912,124.02829122543335,912,124.41726016998291,912,124.9523069858551,912,125.23514008522034,912,125.59360671043396,912,125.91840839385986,912,126.29653644561768,907,126.61476945877075,903,126.93473839759827,903,127.24535131454468,903,127.6062822341919,903,127.89257073402405,903,128.21101450920105,903,128.52142882347107,903,128.79100942611694,903,129.1063494682312,903,129.44759368896484,903,129.73518109321594,903,130.05174589157104,903,130.38138675689697,903,130.80715155601501,903,131.10588002204895,902,131.4188916683197,902,131.73643851280212,902,132.02610564231873,902,132.34622740745544,902,132.62294960021973,902,132.92916440963745,902,133.42058801651,902,133.7048418521881,902,134.0453577041626,902,134.32159852981567,902,134.62160062789917,902,134.91885423660278,902,135.2040786743164,902,135.5109739303589,902,135.80991077423096,902,136.12159705162048,902,136.44230890274048,902,136.71680545806885,902,137.04223465919495,902,137.35430812835693,902,137.66146445274353,902,138.01050901412964,902,138.30243301391602,902,138.58334040641785,902,138.90957021713257,902,139.26610231399536,902,139.80952548980713,898,140.16313791275024,896,140.49137806892395,896,140.9898738861084,896,141.33788347244263,896,141.62950658798218,896,141.95429134368896,892,142.29512095451355,892,142.83679938316345,892,143.16748523712158,892,143.5022554397583,892,143.83379650115967,892,144.52950167655945,892,144.85815501213074,892,145.3793203830719,892,145.65113925933838,892,145.95437788963318,892,146.26541423797607,892,146.64071893692017,892,147.01273584365845,892,147.35437631607056,892,147.66551089286804,892,148.32533764839172,892,148.63944268226624,892,148.9623703956604,892,149.32616448402405,892,149.6458191871643,892,149.95842862129211,892,150.25995898246765,892,150.78062462806702,892,151.12150979042053,889,151.50301551818848,888,151.8278136253357,887,152.16207194328308,887,152.66597819328308,887,153.31197428703308,887,153.66075086593628,887,153.96752667427063,887,154.2982280254364,887,154.63033509254456,887,154.9447090625763,887,155.23342895507812,886,155.54565954208374,885,155.85315656661987,885,156.17580103874207,885,156.53458619117737,885,157.0809772014618,885,157.44393682479858,885,157.732168674469,885,158.05426383018494,885,158.35794496536255,885,158.66778421401978,885,158.97846865653992,885,159.2907257080078,885,159.5565402507782,885,159.85675048828125,885,160.12889194488525,885,160.49837398529053,885,160.80979752540588,885,161.30313062667847,885,161.6682894229889,885,161.96753072738647,885,162.29390478134155,885,162.6021912097931,885,162.892751455307,885,163.19296312332153,885,163.52408123016357,885,163.81733083724976,885,164.09053134918213,885,164.37110257148743,885,164.70476770401,885,165.0138294696808,885,165.3225347995758,885,165.60457134246826,885,165.88090085983276,885,166.18809270858765,885,166.46194314956665,885,166.75116729736328,885,167.05717730522156,885,167.37217688560486,885,167.6811339855194,885,168.0707302093506,885,168.3944263458252,885,168.69562911987305,885,169.04917168617249,885,169.37402033805847,885,169.70162844657898,885,170.03043937683105,885,170.3506646156311,885,170.64670848846436,885,170.9483609199524,885,171.2365016937256,885,171.56182646751404,885,171.86887526512146,885,172.20381212234497,885,172.5187120437622,885,172.8102822303772,885,173.1318395137787,885,173.4495086669922,885,173.77267050743103,885,174.07823872566223,885,174.44982433319092,885,174.76379489898682,885,175.09242296218872,885,175.39727306365967,885,175.71867990493774,885,176.05954766273499,885,176.40659022331238,885,176.76642870903015,885,177.07490873336792,885,177.3663511276245,885,177.69958925247192,885,178.24811482429504,885,178.83916807174683,885,179.33662605285645,885,179.6630153656006,885,179.9687521457672,885,180.25332880020142,885,180.52427124977112,885,180.83807277679443,885,181.16277432441711,885,181.4985556602478,885,181.80940008163452,885,182.38835787773132,885,182.71481943130493,882,182.99663591384888,882,183.31277322769165,881,183.64269280433655,881,183.97287464141846,881,184.27404618263245,881,184.598694562912,881,185.04229640960693,881,185.63769340515137,881,185.94194388389587,881,186.2703239917755,881,186.56921100616455,881,186.86096715927124,881,187.17087149620056,881,187.52868056297302,881,187.83774495124817,881,188.1575312614441,881,188.6924569606781,881,189.1386685371399,881,189.452378988266,881,189.79228162765503,881,190.06585597991943,881,190.3586916923523,881,190.88176441192627,881,191.1857397556305,881,191.4485776424408,881,191.7457981109619,881,192.0406515598297,881,192.5618131160736,881,193.2195541858673,881,193.5236201286316,881,194.03478932380676,881,194.40880608558655,881,194.71293377876282,881,194.99664998054504,881,195.3274974822998,881,195.70124697685242,881,195.98570466041565,881,196.27038860321045,880,196.61073303222656,880,197.12944149971008,880,197.42227745056152,880,197.76145219802856,880,198.05192589759827,880,198.33620977401733,880,198.62817239761353,880,199.1328637599945,880,199.59797501564026,880,199.87453746795654,880,200.22531080245972,880,200.58070945739746,880,201.10291481018066,880,201.64899516105652,880,201.9757480621338,880,202.3152778148651,880,202.64753890037537,880,202.92760229110718,880,203.22420477867126,880,203.53838872909546,880,203.89092469215393,880,204.20675683021545,880,204.5051748752594,880,204.84115505218506,880,205.44653058052063,880,205.76755666732788,880,206.30002522468567,880,206.60697674751282,880,207.17901515960693,880,207.51094579696655,880,207.81249070167542,880,208.10428833961487,880,208.4276261329651,880,208.7715504169464,880,209.09693050384521,880,209.4295527935028,880,210.11198806762695,880,210.47701287269592,880,210.7791097164154,880,211.0764775276184,880,211.34494423866272,880,211.63615345954895,880,211.98464059829712,880,212.30685925483704,880,212.60899090766907,880,212.90949892997742,880,213.228369474411,880,213.55807495117188,880,213.84588980674744,880,214.16664576530457,880,214.48184370994568,880,215.02955675125122,880,215.40294194221497,880,215.69892191886902,880,216.17460918426514,880,216.53891825675964,880,216.84338665008545,880,217.16064190864563,880,217.68647456169128,880,218.09731888771057,880,218.4025387763977,880,218.69143080711365,880,219.0259826183319,880,219.3496630191803,880,219.6793293952942,880,220.00374031066895,880,220.30405473709106,880,220.6181356906891,880,220.89412832260132,880,221.2259063720703,880,221.53582382202148,880,221.89030861854553,880,222.1915214061737,880,222.45635747909546,880,222.753000497818,880,223.0805299282074,880,223.40610599517822,880,223.70604062080383,880,224.0335876941681,880,224.36979746818542,880,224.7235939502716,880,225.3258719444275,880,225.652526140213,880,225.97202897071838,880,226.26815795898438,880,226.7415030002594,880,227.06665897369385,880,227.39744639396667,880,227.67270302772522,880,227.9553964138031,880,228.23912167549133,880,228.7637176513672,880,229.05814123153687,880,229.38271713256836,880,229.98636031150818,880,230.29089307785034,880,230.5858175754547,880,230.9234025478363,880,231.48803901672363,880,231.81277561187744,880,232.10855436325073,880,232.58468389511108,880,232.90868306159973,880,233.37076210975647,880,233.71434116363525,880,234.05527257919312,880,234.36418175697327,880,234.64925694465637,880,234.97954487800598,880,235.3038763999939,880,235.60319662094116,880,235.890305519104,880,236.26565289497375,880,236.5852587223053,880,236.94898056983948,880,237.28134894371033,880,237.56275081634521,880,237.89647340774536,880,238.40550112724304,880,238.7294192314148,880,239.06508326530457,880,239.3915195465088,880,239.70571875572205,880,240.01883816719055,880,240.4639401435852,880,240.7868423461914,880,241.37524914741516,880,241.70052528381348,880,242.0312430858612,880,242.3855175971985,880,242.71530771255493,880,243.03672456741333,880,243.34511017799377,880,243.65933775901794,880,244.1537845134735,880,244.66494131088257,880,244.96785855293274,880,245.28362131118774,880,245.58086562156677,880,245.89630365371704,880,246.21205186843872,880,246.557026386261,880,246.87158870697021,880,247.19103240966797,880,247.53061079978943,880,247.82782292366028,880,248.12660956382751,880,248.4362554550171,880,248.77054119110107,880,249.06081533432007,880,249.66786932945251,880,249.97546339035034,880,250.29176449775696,880,250.58148765563965,880,250.8606517314911,880,251.15534925460815,879,251.5018675327301,879,251.84662675857544,879,252.12787890434265,879,252.43336725234985,879,252.7605094909668,879,253.33310389518738,879,253.6302206516266,879,253.9617259502411,879,254.57845902442932,879,254.97414803504944,879,255.28525137901306,879,255.62196803092957,879,256.06984400749207,879,256.3830726146698,879,257.1761472225189,879,257.5067322254181,879,257.9783775806427,879,258.31179642677307,879,258.57217597961426,879,258.8706588745117,879,259.1893630027771,879,259.482697725296,879,259.7709822654724,879,260.0776331424713,879,260.43173360824585,879,260.75145649909973,879,261.0850119590759,879,261.41784715652466,879,261.7488057613373,879,262.2559883594513,879,262.60113859176636,879,262.938533782959,879,263.2444076538086,879,263.8838233947754,879,264.2755424976349,879,264.59064626693726,879,265.06051874160767,879,265.39492297172546,879,265.7517259120941,879,266.0687618255615,879,266.37817549705505,879,266.6451590061188,879,266.99792194366455,879,267.3792550563812,879,267.68046951293945,879,267.9818298816681,879,268.6398413181305,879,268.942752122879,879,269.2694664001465,879,269.607052564621,879,269.9281198978424,879,270.2924416065216,879,270.60913157463074,879,270.94356513023376,879,271.2491466999054,879,271.59683442115784,879,271.91240406036377,879,272.23575019836426,879,272.55110931396484,879,272.8711326122284,879,273.2014865875244,879,273.5138337612152,879,273.84252095222473,878,274.15607213974,878,274.5552065372467,878,274.83731031417847,878,275.13041257858276,878,275.4142339229584,878,275.75884199142456,878,276.0463356971741,878,276.38249254226685,878,276.66534209251404,878,276.97160816192627,878,277.3075168132782,878,277.6148269176483,878,277.9095494747162,878,278.2201581001282,878,278.55917620658875,878,278.8806972503662,878,279.2007739543915,878,279.77859592437744,878,280.08820962905884,878,280.4302976131439,878,280.7521011829376,878,281.082724571228,878,281.40489983558655,878,281.7515971660614,878,282.4368703365326,878,282.777916431427,878,283.4799966812134,878,283.7647497653961,878,284.0681953430176,878,284.6018440723419,878,284.9031729698181,878,285.2669153213501,878,285.5496394634247,878,285.88173818588257,878,286.183226108551,878,286.49774289131165,878,286.79936003685,876,287.1571180820465,876,287.46656799316406,876,287.7592976093292,876,288.1203019618988,876,288.6535048484802,876,288.9818253517151,876,289.2972934246063,876,289.57117772102356,876,290.0949332714081,876,290.48407435417175,876,290.9383976459503,876,291.2427010536194,876,291.5619833469391,876,291.8871428966522,876,292.21094012260437,876,292.5284881591797,876,292.84539270401,876,293.1299970149994,876,293.42808866500854,876,293.73058462142944,876,294.0719153881073,876,294.3624691963196,876,294.7054271697998,875,295.048299074173,875,295.33401107788086,875,295.6500287055969,875,295.9633185863495,875,296.3364255428314,875,296.9383409023285,875,298.71632647514343,875,298.9968116283417,875,299.333304643631,875,299.6372027397156,875,299.935608625412,875,300.12893414497375
0,random graphs/triangle/r1.5k24n16/graph0.lgbin,4036,212.65630388259888,816,1739,0,1524,0.8235745429992676,1401,1.4880733489990234,1275,1.9895823001861572,1189,3.2327346801757812,1131,3.7277867794036865,1094,4.304855585098267,1025,4.8287575244903564,985,5.548908948898315,975,6.27793550491333,965,6.77150559425354,963,7.26283073425293,935,7.727458477020264,930,8.417695999145508,913,9.046424627304077,908,9.517054319381714,908,9.930506944656372,908,10.308886289596558,905,10.798317670822144,901,11.3184654712677,897,11.775070428848267,897,12.146598100662231,897,12.561815738677979,897,12.975846529006958,896,13.422463655471802,893,13.891382217407227,893,14.29059910774231,893,14.662967920303345,890,15.112062454223633,886,16.022681713104248,886,16.437108039855957,885,16.925085067749023,885,17.317185163497925,885,17.720730304718018,885,18.129957675933838,885,18.52460765838623,885,18.918254852294922,885,19.28908944129944,884,19.869940280914307,884,20.250844478607178,881,20.71595025062561,881,21.21311092376709,880,21.672120332717896,878,22.06455087661743,878,22.44773840904236,878,22.82821035385132,878,23.35252046585083,874,23.848960399627686,874,24.23919105529785,873,24.766578435897827,872,25.274688720703125,871,25.74273681640625,871,26.144968271255493,871,26.559192419052124,871,26.95205283164978,871,27.32194709777832,871,28.20592975616455,871,28.591767072677612,871,29.162700414657593,869,29.737095832824707,867,30.140313386917114,867,30.51836347579956,867,30.94135308265686,867,31.371729135513306,867,31.85047960281372,867,32.48217964172363,867,32.932125091552734,867,33.35803246498108,867,33.75081729888916,867,34.12706446647644,867,34.5129668712616,866,34.975433349609375,866,35.3612961769104,866,35.785123109817505,866,36.1957528591156,866,36.62479496002197,866,37.130544662475586,866,37.545599937438965,866,37.94650864601135,866,38.34999465942383,866,38.752228021621704,866,39.12822198867798,866,39.66753697395325,866,40.07091021537781,866,40.4713249206543,866,40.923078536987305,866,41.419729471206665,866,41.85438418388367,866,42.22591233253479,866,42.63911771774292,866,43.038981437683105,866,43.40233254432678,866,43.79812169075012,866,44.175535440444946,866,44.572859048843384,866,45.1557514667511,866,45.533881425857544,866,45.92703604698181,866,46.30815386772156,866,46.695940017700195,866,47.10597896575928,866,47.5126531124115,866,47.87889862060547,866,48.35395550727844,866,48.72567963600159,866,49.11938977241516,866,49.657044649124146,866,50.154104232788086,866,50.641563415527344,866,51.041062355041504,866,51.423662185668945,866,51.82327103614807,866,52.233444929122925,866,52.61587381362915,866,53.02791476249695,866,53.42815685272217,866,54.21842050552368,866,54.600242614746094,866,55.01947569847107,866,55.41197323799133,866,55.798048973083496,866,56.18652415275574,866,56.54266858100891,866,56.972413063049316,866,57.370973348617554,866,57.742676734924316,866,58.117329835891724,866,58.52351236343384,866,58.913782358169556,866,59.287769079208374,866,59.671262979507446,866,60.110119104385376,866,60.496373414993286,866,60.90206956863403,866,61.28192067146301,866,61.83843517303467,866,62.23182702064514,866,62.60252118110657,866,62.982189893722534,866,63.34126877784729,866,63.73459577560425,866,64.21899557113647,866,64.58469748497009,866,64.95656824111938,866,65.33625507354736,866,65.70471262931824,866,66.06647562980652,866,66.47170376777649,866,66.83526659011841,866,67.20211338996887,866,67.54549169540405,865,68.02601647377014,865,68.39124703407288,865,68.77293229103088,865,69.14008021354675,865,69.56134104728699,865,69.94824552536011,865,70.40903162956238,865,70.80859804153442,865,71.19746994972229,865,71.5782573223114,865,71.95967435836792,865,72.33654117584229,865,72.69884753227234,865,73.06784677505493,865,73.42982816696167,865,73.93106937408447,865,74.31818580627441,865,74.78321957588196,865,75.16218209266663,865,75.53526306152344,865,75.92733860015869,865,76.29604959487915,865,76.66272115707397,865,77.03969025611877,865,77.42498230934143,862,77.93465542793274,862,78.30646419525146,859,78.76632118225098,856,79.41101312637329,854,79.87145709991455,851,80.31669569015503,846,80.85355305671692,846,81.22167611122131,846,81.65736389160156,846,82.02803373336792,846,82.39947986602783,845,82.83657479286194,845,83.21083116531372,845,83.5686366558075,845,83.9449393749237,845,84.45242667198181,845,84.94032382965088,843,85.36856698989868,837,85.79398918151855,837,86.16408586502075,835,86.52952027320862,835,86.92924427986145,835,87.29540586471558,835,87.65746521949768,835,88.19638133049011,835,88.56911611557007,835,89.08014988899231,835,89.45968317985535,835,90.00364255905151,835,90.5447154045105,835,90.9145290851593,835,91.35168886184692,834,92.1024899482727,834,92.46551156044006,834,92.83607721328735,833,93.27101516723633,829,93.76131415367126,827,94.12298655509949,827,94.51415205001831,827,94.85713768005371,827,95.23157739639282,827,95.5804603099823,826,96.01811051368713,825,96.42209792137146,825,96.93237519264221,825,97.35967922210693,825,97.7151107788086,825,98.15507578849792,825,98.51848435401917,825,99.25352668762207,825,99.60740280151367,825,99.96831345558167,825,100.32885146141052,825,100.70210433006287,825,101.0671021938324,825,101.43139100074768,825,101.82614707946777,825,102.25560736656189,825,102.60177397727966,825,103.01386427879333,825,103.36140179634094,825,103.72848320007324,825,104.13589191436768,825,104.63848376274109,825,105.02455496788025,825,105.41473031044006,825,105.79352021217346,825,106.22212362289429,825,106.58180022239685,825,107.00416231155396,825,107.96162271499634,825,108.43971681594849,825,108.8922746181488,825,109.39708352088928,825,109.78468108177185,825,110.33105874061584,825,110.70121717453003,825,111.05706691741943,825,111.43220853805542,825,111.85235524177551,825,112.20814085006714,825,112.57260799407959,825,112.96652865409851,825,113.33163046836853,825,113.71101903915405,825,114.07773613929749,825,114.47903823852539,825,114.90432143211365,825,115.28122401237488,825,115.63404035568237,825,116.02632236480713,825,116.5271418094635,825,116.89789485931396,825,117.38925766944885,825,117.78634524345398,825,118.1705162525177,825,118.55059909820557,825,121.14434313774109,825,121.48937773704529,825,121.8718273639679,825,122.26298761367798,825,122.65350198745728,825,123.12912487983704,825,123.53774642944336,825,123.91383957862854,825,124.2793517112732,825,124.69978451728821,825,125.08248972892761,825,125.45666265487671,825,125.8380343914032,825,126.70830750465393,825,127.19746851921082,825,127.6002721786499,825,127.9775743484497,825,128.3773694038391,825,128.73254823684692,825,129.1262912750244,825,129.59853339195251,825,130.1146330833435,825,130.51448345184326,825,130.90463781356812,825,131.34547424316406,825,131.6885485649109,825,132.07697677612305,825,132.46220088005066,825,132.89088225364685,825,133.29013657569885,825,133.66722702980042,825,134.06661891937256,825,134.467444896698,825,134.82731533050537,825,135.2232801914215,825,135.5653431415558,825,136.06228256225586,825,136.4433455467224,825,136.82949876785278,825,137.24012565612793,825,137.64629411697388,825,138.0303816795349,825,138.55733585357666,825,139.0504171848297,825,139.41126537322998,825,139.79575872421265,825,140.19185829162598,825,140.5685851573944,825,140.99391436576843,825,141.39281034469604,825,141.77422404289246,825,142.1357798576355,825,142.50625038146973,825,142.92457151412964,825,143.33810925483704,825,143.7085874080658,825,144.12423849105835,825,144.50946474075317,825,144.87710237503052,825,145.25452423095703,825,145.62462449073792,825,146.03975915908813,825,146.46597695350647,825,146.85200095176697,825,147.36650919914246,825,147.74344563484192,825,148.13605546951294,825,148.5091655254364,825,148.90748023986816,825,149.32278656959534,825,149.8500781059265,825,150.22132325172424,825,150.60439085960388,825,151.01743817329407,825,151.447856426239,825,151.8885943889618,825,152.30107402801514,825,152.72824096679688,825,153.10506963729858,825,153.51592993736267,825,153.9613151550293,825,154.38589310646057,825,154.7763180732727,825,155.18020343780518,825,155.5454294681549,825,156.03650617599487,825,156.46164798736572,825,156.86229586601257,825,157.26177525520325,825,157.69602751731873,825,158.0736312866211,825,158.44859790802002,825,158.8309953212738,825,159.22285079956055,825,159.60094809532166,825,160.59685468673706,825,161.08528423309326,825,161.47477841377258,825,161.86499428749084,825,162.3029065132141,825,162.69153094291687,825,163.51254057884216,825,163.88190245628357,825,164.28893208503723,825,164.6530146598816,825,165.03199124336243,825,165.40942525863647,825,165.94167709350586,825,166.39710068702698,825,166.8293125629425,825,167.18971180915833,825,167.56006860733032,825,167.96547722816467,825,168.32868146896362,825,168.69966793060303,825,169.09568452835083,825,169.50134754180908,825,169.87420988082886,825,170.24241185188293,825,170.60370683670044,825,171.04856538772583,825,171.42032933235168,825,171.8046112060547,825,172.23642325401306,825,172.60182785987854,825,173.00961828231812,825,173.3950593471527,825,173.77188539505005,825,174.14130187034607,825,174.5155005455017,825,174.92063879966736,825,175.28362798690796,825,175.74405145645142,825,176.147465467453,825,176.52228665351868,825,176.8990786075592,825,177.41230821609497,825,177.8220031261444,825,178.18288683891296,825,178.7401511669159,825,179.22181463241577,825,179.63992142677307,825,179.9982087612152,825,180.48223519325256,822,180.96092987060547,820,181.5735640525818,819,182.12151169776917,819,182.52557682991028,819,182.92341327667236,819,183.30592966079712,818,183.785062789917,817,184.50969886779785,817,184.9058017730713,817,185.29049682617188,817,185.6824996471405,817,186.1694619655609,817,186.5697648525238,817,186.96949172019958,817,187.35251140594482,817,187.7594769001007,817,188.1399369239807,817,188.51498889923096,817,188.87317991256714,816,189.3029499053955,816,189.9953670501709,816,190.3925337791443,816,190.76145935058594,816,191.1490499973297,816,191.5132191181183,816,192.11512184143066,816,192.489670753479,816,192.86049056053162,816,193.24713015556335,816,193.6594955921173,816,194.19452810287476,816,194.59731721878052,816,195.09956812858582,816,195.52103328704834,816,195.90850687026978,816,196.2918303012848,816,196.67708134651184,816,197.21567630767822,816,197.5898995399475,816,197.98357725143433,816,198.40080046653748,816,198.767183303833,816,199.27208971977234,816,199.65354681015015,816,200.1125612258911,816,200.6188988685608,816,200.99805569648743,816,201.38016152381897,816,201.7966673374176,816,202.19585633277893,816,202.57854390144348,816,202.97209000587463,816,203.4710247516632,816,203.90321469306946,816,204.33733916282654,816,204.7356355190277,816,205.11440443992615,816,205.53250885009766,816,205.89565467834473,816,206.29001927375793,816,206.65609502792358,816,207.0457968711853,816,207.43942022323608,816,207.8183581829071,816,208.20594716072083,816,208.57413411140442,816,208.95527172088623,816,209.48561549186707,816,210.03867983818054,816,210.55949234962463,816,210.93358969688416,816,211.31427597999573,816,211.69998908042908,816,212.07645273208618,816,212.45272874832153,816,212.8295066356659,816,213.23034763336182,816,213.61074924468994,816,213.99938321113586,816,214.36566281318665,816,214.8937120437622,816,215.28500843048096,816,215.67331624031067,816,216.060852766037,816,216.45789575576782,816,216.83606028556824,816,217.27370810508728,816,217.66638946533203,816,218.05637001991272,816,218.4642734527588,816,218.85163140296936,816,219.22478008270264,816,219.62008047103882,816,220.02408456802368,816,220.40253162384033,816,220.83358454704285,816,221.3507797718048,816,221.8440854549408,816,222.2890326976776,816,222.78630304336548,816,223.18279695510864,816,223.55853843688965,816,223.93761563301086,816,224.4050145149231,816,224.78080439567566,816,225.16761946678162,816,225.5477433204651,816,225.98110151290894,816,226.64025974273682,816,227.10091876983643,816,227.52486324310303,816,227.94401335716248,816,228.4329116344452,816,228.9087245464325,816,229.26863932609558,816,229.66319608688354,816,230.04417061805725,816,230.43736028671265,816,230.9717526435852,816,231.40543055534363,816,231.8007264137268,816,232.2218279838562,816,232.61151599884033,816,232.9817078113556,816,233.46602988243103,816,233.83375334739685,816,234.2485499382019,816,234.69396924972534,816,235.1435148715973,816,235.50529670715332,816,235.88749527931213,816,236.27445340156555,816,236.68211102485657,816,237.08982491493225,816,237.48941707611084,816,237.88194751739502,816,238.29109454154968,816,238.7524528503418,816,239.16120719909668,816,239.5336217880249,816,239.96784830093384,816,240.37721705436707,816,240.76792764663696,816,241.1803216934204,816,241.55505228042603,816,241.94433879852295,816,242.34395575523376,816,242.71477699279785,816,243.10467076301575,816,243.4806354045868,816,243.84496545791626,816,244.249938249588,816,244.7899513244629,816,245.17309856414795,816,245.53471660614014,816,245.97611165046692,816,246.45670437812805,816,246.9300286769867,816,247.29369950294495,816,247.7417392730713,816,248.12475872039795,816,248.94014263153076,816,249.3408088684082,816,249.73507475852966,816,250.11520290374756,816,250.510023355484,816,250.93125772476196,816,251.34242177009583,816,251.7144260406494,816,252.13362383842468,816,252.61830520629883,816,253.01084518432617,816,253.45757818222046,816,253.8463795185089,816,254.25739884376526,816,254.7742052078247,816,255.20162868499756,816,255.6380066871643,816,256.0252137184143,816,256.4417951107025,816,256.8454201221466,816,257.270916223526,816,257.6741418838501,816,258.11944484710693,816,258.4993259906769,816,258.90773129463196,816,259.32680439949036,816,259.7258563041687,816,260.14081025123596,816,260.50700521469116,816,260.91400480270386,816,261.3001959323883,816,261.7219018936157,816,262.11113691329956,816,262.49126529693604,816,262.87819170951843,816,263.2507281303406,816,263.78253626823425,816,264.16288685798645,816,264.55995059013367,816,264.9621031284332,816,265.33581805229187,816,265.73868107795715,816,266.1237816810608,816,266.48466062545776,816,266.8667850494385,816,267.264643907547,816,267.6312975883484,816,268.1257653236389,816,268.54647731781006,816,268.96721959114075,816,269.37407970428467,816,269.76243710517883,816,270.28192353248596,816,270.69467973709106,816,271.06050157546997,816,271.45662903785706,816,271.84294056892395,816,272.3518543243408,816,272.743586063385,816,273.13560152053833,816,273.6320369243622,816,274.01857447624207,816,274.4149250984192,816,274.8405792713165,816,275.35759472846985,816,275.75257682800293,816,276.17838406562805,816,276.5364887714386,816,276.93346095085144,816,277.3362658023834,816,277.7338318824768,816,278.1175608634949,816,278.5642788410187,816,278.966609954834,816,279.36501359939575,816,279.76594042778015,816,280.2717990875244,816,280.66971731185913,816,281.0303943157196,816,281.42905044555664,816,281.8012375831604,816,282.1892228126526,816,282.559529542923,816,283.06003856658936,816,283.640207529068,816,284.1127932071686,816,284.48492646217346,816,284.8985011577606,816,285.2623071670532,816,285.679735660553,816,286.05861377716064,816,286.5495409965515,816,287.09805560112,816,287.58472967147827,816,287.97106313705444,816,288.41548132896423,816,288.813010931015,816,289.20027923583984,816,289.6409454345703,816,290.06582379341125,816,290.4860074520111,816,290.9027507305145,816,291.32172322273254,816,291.7203848361969,816,292.1049916744232,816,292.4893443584442,816,292.93292140960693,816,295.82439041137695,816,296.22709941864014,816,296.6299810409546,816,297.00493240356445,816,297.3840003013611,816,297.77699089050293,816,298.15064239501953,816,298.5925397872925,816,298.9692566394806,816,299.436482667923,816,299.80324625968933,816,300.1305480003357
1,random graphs/triangle/r1.5k24n16/graph1.lgbin,4036,210.51143646240234,754,1622,0,1352,0.4975290298461914,1232,1.3163955211639404,1163,2.055026054382324,1112,2.769563913345337,1062,3.7391536235809326,1020,4.249005317687988,989,4.6840410232543945,945,5.6488354206085205,935,6.203598976135254,923,6.696085214614868,920,7.090817451477051,901,7.539429664611816,890,8.348177671432495,873,8.835451602935791,858,9.322038888931274,854,10.332958221435547,851,10.845543146133423,850,11.354893684387207,846,11.853118181228638,846,12.356998205184937,846,12.80098557472229,844,13.377836465835571,844,13.725581407546997,844,14.074364185333252,841,14.512346506118774,841,14.86765193939209,840,15.311444282531738,839,15.704984426498413,830,16.18487024307251,827,16.80791187286377,825,17.230690240859985,823,17.62631106376648,801,18.223745584487915,801,18.70789122581482,801,19.06490159034729,800,19.53820037841797,800,20.00611662864685,800,20.485671520233154,800,20.889357089996338,800,21.327972888946533,800,21.72475528717041,800,22.174108743667603,800,22.538309335708618,794,22.996113777160645,794,23.443946361541748,794,23.82665467262268,794,24.212640047073364,794,24.594794511795044,794,24.945237159729004,794,25.30609631538391,794,25.691171646118164,794,26.089810132980347,794,26.51854419708252,794,26.877891778945923,794,27.265682458877563,794,27.61729860305786,794,28.008922338485718,790,28.458085536956787,789,28.93782687187195,779,29.552083730697632,778,30.03677463531494,777,30.528335571289062,777,30.883630752563477,777,31.2421452999115,777,31.60734486579895,776,33.648417711257935,776,33.994059801101685,776,34.46383190155029,776,34.9277663230896,776,35.38583540916443,776,35.76761174201965,776,36.177223682403564,776,36.59675478935242,776,37.045520544052124,772,37.56640338897705,772,38.03742432594299,769,38.461925983428955,769,38.89708662033081,762,39.38888454437256,760,39.917614459991455,756,40.381229877471924,756,40.726948499679565,755,41.1565842628479,755,41.5020546913147,755,41.864908933639526,755,42.24177932739258,755,42.65516471862793,755,43.04034781455994,755,43.40462255477905,755,43.7549614906311,755,44.10657238960266,755,44.52622127532959,755,44.93108916282654,755,45.33739638328552,755,45.68731689453125,755,46.045572996139526,755,46.49781012535095,755,46.93987536430359,755,47.315934896469116,755,47.72801113128662,755,48.09805989265442,755,48.44896340370178,755,48.8221595287323,755,49.27921915054321,755,49.61586618423462,755,49.98360562324524,755,50.42034578323364,755,50.8427038192749,755,51.280601978302,755,51.67155408859253,755,52.11084175109863,755,52.45411252975464,755,52.8885223865509,755,53.301064252853394,755,53.67309832572937,755,54.02071285247803,755,54.37116599082947,755,54.81462121009827,755,55.266398668289185,755,55.64142942428589,755,55.99651741981506,755,56.37370705604553,755,56.81733584403992,755,57.15202355384827,755,57.52877926826477,755,57.92228102684021,755,58.2887396812439,755,58.64860463142395,755,59.04011154174805,755,59.5127809047699,755,60.024657011032104,755,60.39773917198181,755,60.84959959983826,755,61.19870114326477,755,61.70024132728577,755,62.132487297058105,755,62.49376893043518,755,62.97421884536743,755,63.40045142173767,755,63.74965023994446,755,64.11994957923889,755,64.5741708278656,755,64.9452383518219,755,65.30582904815674,755,65.80528831481934,755,66.21319532394409,755,66.66551184654236,755,67.01918244361877,755,67.46655678749084,755,67.90210056304932,755,68.35115122795105,755,68.76342701911926,755,69.10358023643494,755,69.54290890693665,755,70.0650885105133,755,70.48392748832703,755,70.85671257972717,755,71.22184538841248,755,71.65552067756653,755,72.00880360603333,755,72.4302921295166,755,72.8324043750763,755,73.25217819213867,755,73.69859862327576,755,74.05362677574158,755,74.50953435897827,755,74.86112976074219,755,75.24031329154968,755,75.64079999923706,755,76.00080728530884,755,76.36781215667725,755,76.72303915023804,755,77.08532571792603,755,77.5733642578125,755,77.9640326499939,755,78.35179495811462,755,78.71570539474487,755,79.18450427055359,755,79.5918619632721,755,80.16124320030212,755,80.57639145851135,755,81.01610732078552,755,81.38598108291626,755,81.82312965393066,755,82.17682695388794,755,82.60175704956055,755,83.00593328475952,755,83.49490070343018,755,83.86743402481079,755,84.331618309021,755,84.82975149154663,755,85.22144341468811,755,85.61034560203552,755,85.95770931243896,755,86.40775871276855,755,86.78648495674133,755,87.22514700889587,755,87.59535098075867,755,88.1045413017273,755,88.5557131767273,755,88.91380381584167,755,89.27549147605896,755,89.6947717666626,755,90.08081650733948,754,90.52956795692444,754,90.90085434913635,754,91.31197619438171,754,91.67065095901489,754,92.00286984443665,754,92.45913505554199,754,92.82738924026489,754,93.2083809375763,754,93.57479095458984,754,93.93852615356445,754,94.2943971157074,754,94.66874361038208,754,95.051194190979,754,95.41085624694824,754,95.76882266998291,754,96.09751391410828,754,96.47370624542236,754,96.81452941894531,754,97.259268283844,754,97.62154293060303,754,97.9844229221344,754,98.34184837341309,754,98.70618295669556,754,99.07953405380249,754,99.43156933784485,754,99.80448889732361,754,100.18452382087708,754,100.52973461151123,754,100.95951437950134,754,101.3605625629425,754,101.77694916725159,754,102.22545385360718,754,102.60365343093872,754,103.04984331130981,754,103.40795803070068,754,103.92470932006836,754,104.30321216583252,754,104.66166567802429,754,105.02963995933533,754,105.38625121116638,754,105.7851893901825,754,106.15011620521545,754,106.5767867565155,754,106.92345213890076,754,107.28697204589844,754,107.72690844535828,754,108.16927003860474,754,108.50608992576599,754,108.86734127998352,754,109.29885959625244,754,109.66134691238403,754,110.091055393219,754,110.51741671562195,754,110.85866045951843,754,111.28897285461426,754,111.63369345664978,754,112.0186219215393,754,112.3959219455719,754,112.82649564743042,754,113.27541065216064,754,113.64043068885803,754,114.01393389701843,754,114.36177277565002,754,114.80143570899963,754,115.3023693561554,754,115.69613218307495,754,116.03557205200195,754,116.45420002937317,754,116.79615449905396,754,117.21491360664368,754,117.54571485519409,754,117.90116310119629,754,118.27577424049377,754,118.7079758644104,754,119.07241201400757,754,119.45362496376038,754,119.86708307266235,754,120.31138014793396,754,120.77604103088379,754,121.12665963172913,754,121.56886124610901,754,121.89971733093262,754,122.31778883934021,754,122.70985150337219,754,123.13029074668884,754,123.54378533363342,754,123.96143507957458,754,124.31646251678467,754,124.66229343414307,754,125.0007004737854,754,125.3667197227478,754,125.77734804153442,754,126.1328592300415,754,126.48734951019287,754,126.83315706253052,754,127.24792814254761,754,127.6659882068634,754,128.09006524085999,754,128.50763773918152,754,128.91079831123352,754,129.2749466896057,754,129.69233584403992,754,130.0697305202484,754,130.40451788902283,754,130.8620285987854,754,131.2511224746704,754,131.80302619934082,754,132.14356899261475,754,132.5185616016388,754,132.87457299232483,754,133.21916365623474,754,133.54556894302368,754,133.87018537521362,754,134.3250172138214,754,134.67634344100952,754,135.02327251434326,754,135.45259141921997,754,135.81590247154236,754,136.1579873561859,754,136.55218887329102,754,136.88456416130066,754,137.22829580307007,754,137.58073234558105,754,137.92873549461365,754,138.37854933738708,754,138.74427366256714,754,139.10147881507874,754,139.50962781906128,754,139.94823479652405,754,140.29139494895935,754,140.71089696884155,754,141.1392161846161,754,141.48018980026245,754,141.83153462409973,754,142.1952245235443,754,142.54935240745544,754,142.90727472305298,754,143.2605550289154,754,143.64497923851013,754,144.08363127708435,754,144.4877631664276,754,144.9841446876526,754,145.40559148788452,754,146.4581594467163,754,146.85432696342468,754,147.25223660469055,754,147.6258726119995,754,147.98839139938354,754,148.38432717323303,754,148.83848667144775,754,149.19759488105774,754,149.56430292129517,754,149.97444486618042,754,150.3922462463379,754,150.73998975753784,754,151.09955501556396,754,151.44588828086853,754,151.79953002929688,754,152.15926671028137,754,152.5611653327942,754,152.9414827823639,754,153.30297565460205,754,153.6745948791504,754,154.13471388816833,754,154.53443479537964,754,154.93638062477112,754,155.30951189994812,754,155.74757075309753,754,156.1219298839569,754,156.48083186149597,754,156.91458082199097,754,157.28045201301575,754,157.61768007278442,754,158.0336790084839,754,158.39205479621887,754,158.81551694869995,754,159.1619520187378,754,159.50587105751038,754,159.86414122581482,754,160.20452761650085,754,160.53315567970276,754,160.96240735054016,754,161.3236584663391,754,161.73141241073608,754,162.09214520454407,754,162.44987726211548,754,162.88657093048096,754,163.26439476013184,754,163.65448808670044,754,163.99624252319336,754,164.37912487983704,754,164.76163005828857,754,165.12224888801575,754,165.53778910636902,754,165.90646076202393,754,166.28958249092102,754,166.6307725906372,754,166.962641954422,754,167.31213068962097,754,167.7400574684143,754,168.1830222606659,754,168.54523611068726,754,169.00798439979553,754,169.35987734794617,754,169.69393587112427,754,170.05630350112915,754,170.45705556869507,754,170.89282059669495,754,171.3044135570526,754,171.67555141448975,754,172.091552734375,754,172.4413447380066,754,172.84864163398743,754,173.2522828578949,754,173.59897994995117,754,173.96888494491577,754,174.3259301185608,754,174.78810906410217,754,175.15615320205688,754,175.61405968666077,754,175.94184398651123,754,176.27787899971008,754,176.69021129608154,754,177.0371174812317,754,177.39205265045166,754,177.76484203338623,754,178.12921404838562,754,178.47454977035522,754,178.9061303138733,754,179.2572796344757,754,179.66592288017273,754,180.0878894329071,754,180.4630970954895,754,180.88139462471008,754,181.2197070121765,754,181.64087176322937,754,181.97343635559082,754,182.3103802204132,754,182.6956832408905,754,183.04870462417603,754,183.48419165611267,754,183.90852165222168,754,184.3270401954651,754,184.67029666900635,754,185.0007085800171,754,185.35907340049744,754,185.70111536979675,754,186.1120388507843,754,186.52577877044678,754,187.00886249542236,754,187.47583150863647,754,187.8644096851349,754,188.23777222633362,754,188.67855620384216,754,189.02560544013977,754,189.48115515708923,754,189.89314889907837,754,190.23567652702332,754,190.6016492843628,754,190.95303654670715,754,191.32028484344482,754,191.66204714775085,754,192.0212688446045,754,192.38567805290222,754,192.84561014175415,754,193.20650339126587,754,193.5540153980255,754,193.92884302139282,754,194.27607607841492,754,194.6271631717682,754,194.97462368011475,754,195.42153692245483,754,195.75493168830872,754,196.09658789634705,754,196.51330256462097,754,196.99009084701538,754,197.3511049747467,754,197.80198407173157,754,198.1744623184204,754,198.5590944290161,754,198.90034985542297,754,199.30362105369568,754,199.67338585853577,754,200.11142778396606,754,200.58924531936646,754,200.97135305404663,754,201.40947246551514,754,201.83711671829224,754,202.19078397750854,754,202.53920888900757,754,203.0513095855713,754,203.44055795669556,754,203.90209650993347,754,204.26781916618347,754,204.62242364883423,754,205.01381874084473,754,205.45204901695251,754,205.79912757873535,754,206.1463565826416,754,206.57720804214478,754,206.93264174461365,754,207.37492775917053,754,207.77112126350403,754,208.145165681839,754,208.60332989692688,754,208.97521805763245,754,209.44546008110046,754,209.82459092140198,754,210.18750190734863,754,210.60899305343628,754,211.04864597320557,754,211.42113423347473,754,211.7961368560791,754,212.1534140110016,754,212.51333713531494,754,212.9587435722351,754,213.30356979370117,754,213.7047300338745,754,214.0802299976349,754,214.42186188697815,754,214.79414415359497,754,215.17066097259521,754,215.5300531387329,754,215.88914132118225,754,216.24464559555054,754,216.60500597953796,754,217.00735521316528,754,217.4216763973236,754,217.8078670501709,754,218.1767122745514,754,218.54089856147766,754,218.88115906715393,754,219.2533996105194,754,219.6204652786255,754,219.99722003936768,754,220.41775941848755,754,220.76085233688354,754,221.15121746063232,754,221.53448176383972,754,222.01604962348938,754,222.3968801498413,754,222.86145281791687,754,223.2942168712616,754,223.65211582183838,754,224.01381850242615,754,224.39253664016724,754,224.75426721572876,754,225.1157341003418,754,225.54082798957825,754,225.89875054359436,754,226.37109112739563,754,226.76394057273865,754,227.12435007095337,754,227.48964643478394,754,227.92817640304565,754,228.3262596130371,754,228.67410612106323,754,229.08632159233093,754,229.53265762329102,754,229.99810481071472,754,230.37489008903503,754,230.72890877723694,754,231.18195295333862,754,231.59295988082886,754,231.97163581848145,754,232.35477757453918,754,232.72391366958618,754,233.11998963356018,754,233.46122026443481,754,233.8254578113556,754,234.1744282245636,754,234.52601742744446,754,234.9816780090332,754,235.34397411346436,754,235.68783235549927,754,236.02243494987488,754,236.46937322616577,754,236.83144187927246,754,237.17715048789978,754,237.62676525115967,754,238.12069725990295,754,238.5733335018158,754,238.91829800605774,754,239.27573537826538,754,239.62909936904907,754,239.96863913536072,754,240.34206748008728,754,240.7904486656189,754,241.12298679351807,754,241.47351622581482,754,241.89947080612183,754,242.26616406440735,754,242.70253729820251,754,243.05126404762268,754,243.46604371070862,754,243.82346415519714,754,244.22569060325623,754,244.66544723510742,754,245.00710010528564,754,245.47970008850098,754,245.93829822540283,754,246.41487050056458,754,246.7810719013214,754,247.13168668746948,754,247.46295928955078,754,247.83075547218323,754,248.1889684200287,754,248.6096694469452,754,249.04429864883423,754,249.39377522468567,754,249.74469256401062,754,250.08348059654236,754,250.44235754013062,754,250.83340573310852,754,251.1667890548706,754,251.4897425174713,754,251.8823482990265,754,252.28435230255127,754,252.71742868423462,754,253.11263608932495,754,253.47664761543274,754,253.8917281627655,754,254.26024103164673,754,254.58708381652832,754,254.9541826248169,754,255.32018089294434,754,255.67270493507385,754,256.1116108894348,754,256.4763488769531,754,256.9020264148712,754,257.2554044723511,754,257.6242072582245,754,258.07710242271423,754,258.43300890922546,754,258.86569452285767,754,259.31906270980835,754,259.772198677063,754,260.22635793685913,754,260.60306215286255,754,260.9388608932495,754,261.28491020202637,754,261.63993644714355,754,262.0202205181122,754,262.3700203895569,754,262.73859548568726,754,263.16994619369507,754,263.505633354187,754,263.8388924598694,754,264.1992835998535,754,264.5736520290375,754,265.01517724990845,754,265.4463698863983,754,265.82564091682434,754,266.24768352508545,754,266.6609401702881,754,267.0307092666626,754,267.42944717407227,754,267.77633333206177,754,268.10856771469116,754,268.4783535003662,754,268.9075322151184,754,269.25479006767273,754,269.6216342449188,754,270.0390610694885,754,270.40092253685,754,270.83323335647583,754,271.1841106414795,754,271.5957522392273,754,271.93959736824036,754,272.40873527526855,754,272.7830505371094,754,273.1511263847351,754,273.5057227611542,754,273.8498876094818,754,274.26215052604675,754,274.6429557800293,754,275.1066930294037,754,275.5051040649414,754,275.95867896080017,754,276.39166927337646,754,276.86292457580566,754,277.1935336589813,754,277.5404427051544,754,277.9570372104645,754,278.303688287735,754,278.65569043159485,754,279.11443519592285,754,279.4467716217041,754,279.8272819519043,754,280.2140474319458,754,280.58777832984924,754,281.01719212532043,754,281.3893117904663,754,281.74844574928284,754,282.12007999420166,754,282.53377628326416,754,282.8923408985138,754,283.26729941368103,754,283.6578290462494,754,284.0973870754242,754,284.54029393196106,754,285.0869767665863,754,285.43520045280457,754,285.7796788215637,754,286.1273744106293,754,286.4682369232178,754,286.82150959968567,754,287.16470313072205,754,287.5281791687012,754,287.85632705688477,754,288.2569179534912,754,288.6124053001404,754,288.9631037712097,754,289.3368856906891,754,289.69080424308777,754,290.038471698761,754,290.47872042655945,754,290.8624801635742,754,291.21894931793213,754,291.5783643722534,754,291.9771625995636,754,292.37840127944946,754,292.8042006492615,754,293.16486954689026,754,293.5251696109772,754,293.8620045185089,754,294.31941628456116,754,294.66085481643677,754,295.0371615886688,754,295.38560914993286,754,295.72790575027466,754,296.1017789840698,754,296.52594232559204,754,296.8910291194916,754,297.23420453071594,754,297.5958888530731,754,297.97730135917664,754,298.41681241989136,754,298.7709963321686,754,299.12013053894043,754,299.5615608692169,754,300.04121565818787
2,random graphs/triangle/r1.5k24n16/graph2.lgbin,4036,226.84776043891907,787,1672,0,1424,1.1171224117279053,1336,1.780590295791626,1233,3.5629444122314453,1128,4.4801342487335205,1057,4.923595905303955,1017,5.787335157394409,1001,6.679415225982666,982,7.201864004135132,977,7.812190532684326,966,15.371528625488281,954,15.865700483322144,944,16.75282073020935,930,17.262231588363647,928,18.044108629226685,921,18.47855830192566,912,19.093528270721436,907,19.726919651031494,904,20.28187108039856,899,21.172962188720703,893,21.62194585800171,889,22.038755893707275,882,22.514121770858765,880,22.978132486343384,879,23.60529661178589,878,24.106889009475708,878,24.46639108657837,875,24.92982530593872,875,25.329116821289062,874,25.785727739334106,873,26.29913878440857,872,26.753374099731445,871,27.25751256942749,869,27.727154970169067,869,28.121171474456787,863,28.535395622253418,862,29.13805079460144,858,29.610426425933838,857,30.04707384109497,857,30.429924488067627,857,30.815932273864746,857,31.226705074310303,857,31.612183809280396,857,32.18391275405884,856,32.71114253997803,856,33.19274353981018,856,33.67572617530823,856,34.38450837135315,856,34.772177934646606,856,35.13210320472717,856,35.515620708465576,856,35.89632821083069,856,36.28817439079285,856,36.816819190979004,855,37.32483458518982,853,37.85305380821228,853,38.32766532897949,853,38.79855394363403,853,39.18554091453552,853,39.58036756515503,853,39.96560287475586,853,40.469730854034424,853,40.836116552352905,853,41.20353889465332,853,41.582743406295776,853,41.96764016151428,853,42.35818791389465,853,42.76839566230774,853,43.15519833564758,853,43.61472964286804,853,43.98205804824829,853,44.38949632644653,853,44.752909898757935,853,45.19537806510925,853,45.62609124183655,853,46.03216814994812,853,46.547038555145264,853,46.999354124069214,852,47.44284009933472,852,47.81739807128906,852,48.27341079711914,851,48.743476152420044,851,49.24257779121399,851,49.617677211761475,851,50.15855288505554,851,50.55230903625488,851,50.93712902069092,851,51.28129577636719,851,51.63791871070862,851,52.04862189292908,851,52.632317543029785,851,53.01892924308777,851,53.39800763130188,851,53.80674433708191,851,54.200881004333496,851,54.588499546051025,851,54.9497766494751,851,55.3192834854126,851,55.72376608848572,843,56.30879759788513,839,57.098976850509644,838,57.61216187477112,833,58.07162642478943,833,58.44355607032776,831,58.972185134887695,828,59.48344540596008,827,59.97197341918945,827,60.4167366027832,827,60.8002290725708,825,61.2223436832428,824,61.72251892089844,818,62.44101095199585,817,62.862645387649536,815,63.411564350128174,815,63.82155203819275,814,64.3141930103302,813,64.82615542411804,810,65.2536952495575,808,65.64900326728821,808,66.56815576553345,808,66.9628074169159,808,67.43622422218323,808,67.8315634727478,808,68.20985651016235,808,68.58044719696045,808,68.97463464736938,808,69.3966052532196,808,69.78376388549805,808,70.29674315452576,808,70.68393421173096,806,71.22405481338501,806,71.9415020942688,806,72.33416199684143,806,72.72181582450867,806,73.14144468307495,806,73.54289770126343,806,73.93982005119324,806,74.3397433757782,806,74.70859336853027,806,75.12942171096802,806,75.54253077507019,806,75.93124866485596,806,76.31607723236084,806,76.69785857200623,806,77.09130430221558,806,77.45624470710754,806,77.8485791683197,806,78.2462728023529,806,78.6530430316925,806,79.09698176383972,806,79.47969627380371,806,79.86887454986572,806,80.35551142692566,806,80.72670531272888,806,81.123122215271,806,81.55927300453186,806,82.1021192073822,806,82.47113752365112,806,82.84404444694519,806,83.21754360198975,806,83.67442011833191,806,84.08682298660278,806,84.47923350334167,806,84.92900824546814,806,85.3269944190979,806,85.70165657997131,806,86.10080647468567,806,86.57155299186707,806,87.01522827148438,806,87.40780019760132,806,87.90865731239319,806,88.31525015830994,806,88.69376039505005,806,89.08722925186157,806,89.44199848175049,806,89.93226599693298,806,90.31435465812683,806,90.7068521976471,806,91.12949466705322,806,91.51571536064148,806,91.89405274391174,806,92.2862184047699,806,92.65946245193481,806,93.04866337776184,806,93.45348882675171,806,93.8719699382782,806,94.37769722938538,806,94.81083822250366,806,95.19218134880066,806,95.59696340560913,806,95.98985886573792,806,96.35377025604248,806,96.95407700538635,806,97.51414322853088,806,97.87430620193481,806,98.27118754386902,806,98.8015251159668,806,99.20154356956482,806,99.59121203422546,806,99.9953441619873,806,100.40302515029907,806,100.79789304733276,806,101.34485793113708,806,101.72189545631409,806,102.1144106388092,806,102.51566076278687,806,102.90056705474854,806,103.30011773109436,806,103.76022100448608,806,104.16864371299744,806,104.69454264640808,806,105.18849110603333,806,105.66344332695007,806,106.0519323348999,806,106.4794774055481,806,106.8647723197937,806,107.30924081802368,806,107.70548009872437,806,108.13098573684692,806,108.57827568054199,806,108.99782943725586,806,109.40348315238953,806,110.2737398147583,806,110.65865135192871,806,111.42046093940735,806,111.78460049629211,806,112.20755434036255,806,112.61463332176208,806,112.99238705635071,806,113.3775987625122,806,113.7703926563263,806,114.22576785087585,806,114.6118733882904,806,115.03534269332886,806,115.51968622207642,806,115.92141914367676,806,116.31676006317139,806,116.702232837677,806,117.1050169467926,806,117.58890748023987,806,117.95573663711548,806,118.34116983413696,806,118.73313975334167,806,119.22294354438782,806,119.61371803283691,806,120.03060603141785,806,120.55425715446472,806,120.95569682121277,806,121.51216840744019,806,121.9678897857666,806,122.41894769668579,806,122.82880783081055,806,123.23007941246033,806,123.61125826835632,806,123.99371838569641,806,124.42893123626709,806,124.82692003250122,806,125.27195572853088,806,125.67967176437378,806,126.07080078125,806,126.43742299079895,806,127.22311639785767,806,127.61976194381714,806,128.2018826007843,806,128.62853002548218,806,129.03775882720947,806,129.43971920013428,806,129.89858317375183,805,130.41577219963074,805,130.8869287967682,805,131.37180495262146,805,131.78201460838318,805,132.15421390533447,805,132.54290342330933,805,132.93812131881714,805,133.30650162696838,805,133.7413399219513,805,134.14044618606567,805,134.53171396255493,805,134.94812488555908,805,135.4361400604248,805,135.82372975349426,805,136.2892987728119,805,136.7663972377777,805,137.1339943408966,805,137.5446014404297,805,137.95974159240723,805,138.32974767684937,805,138.75752067565918,805,139.11477899551392,805,139.49864530563354,805,139.89766120910645,805,140.37177181243896,805,140.8915832042694,805,141.32763934135437,805,141.81886672973633,805,142.1694140434265,805,142.6557559967041,805,143.03229880332947,805,143.55282974243164,805,143.95425820350647,805,144.36599254608154,805,144.8095943927765,805,145.19435262680054,805,145.63339519500732,805,146.06845569610596,805,146.46269464492798,805,147.0048508644104,805,147.45598220825195,805,147.8324363231659,805,148.35759902000427,805,148.85356950759888,805,149.29132056236267,805,149.69532775878906,805,150.13595032691956,805,150.94387483596802,805,151.3343470096588,805,151.80179405212402,805,152.17138624191284,805,152.66840863227844,805,153.06125044822693,805,153.4474527835846,805,153.84022760391235,805,154.24553179740906,805,154.70840740203857,805,155.08894658088684,805,155.54034233093262,805,155.93962001800537,805,156.34858560562134,805,156.81320929527283,805,157.3471839427948,805,157.79598093032837,805,161.5938446521759,805,165.69679164886475,805,166.0951690673828,805,166.45144081115723,805,166.84057807922363,805,167.21363806724548,805,167.5981855392456,805,167.9630298614502,805,168.326425075531,805,168.7422170639038,805,169.13224244117737,805,169.76177144050598,805,170.1216857433319,805,170.56168007850647,805,170.9538381099701,805,171.49212336540222,805,171.8646800518036,805,172.235830783844,805,172.7584993839264,804,173.28913283348083,804,174.03653931617737,804,174.44500589370728,804,174.80734753608704,804,175.19977116584778,804,175.5637173652649,804,176.03794479370117,804,176.42229056358337,804,176.79515075683594,804,177.1662096977234,804,177.54838871955872,804,177.9485878944397,804,178.35024452209473,804,178.71890544891357,804,179.13085412979126,804,179.50912189483643,804,180.0334188938141,804,180.39575910568237,804,180.8895914554596,804,181.27623891830444,804,181.68040704727173,804,182.15273070335388,804,182.5337951183319,804,182.89849734306335,804,183.28166699409485,804,183.65900993347168,804,184.03335618972778,804,184.61911368370056,804,184.9951364994049,804,185.36350798606873,804,185.85270309448242,804,186.32803893089294,804,186.7089021205902,804,187.0606951713562,804,187.53676223754883,804,187.92828607559204,804,188.29695868492126,804,188.6649169921875,803,189.15132403373718,803,189.5330045223236,803,189.89103293418884,803,190.35853481292725,803,190.74249243736267,803,191.18523812294006,803,191.70176577568054,803,192.09202599525452,803,192.45999908447266,803,192.81433153152466,803,193.29040360450745,803,193.66716623306274,803,194.0381724834442,803,194.43593096733093,803,194.80215334892273,803,195.18544149398804,803,195.54444909095764,803,195.9486837387085,803,196.3215525150299,803,198.99229454994202,803,199.37875819206238,803,199.8289225101471,803,200.3414261341095,803,200.73897194862366,803,201.25493454933167,803,201.6190106868744,803,202.00366830825806,803,202.37105107307434,803,202.81971430778503,803,203.37930512428284,803,203.74968242645264,803,204.26491737365723,803,204.63077545166016,803,205.00399374961853,803,205.3808708190918,803,205.78461694717407,803,206.1522877216339,803,206.6151475906372,803,207.06274724006653,803,207.40812253952026,803,207.77795314788818,803,208.25684905052185,803,210.58990907669067,803,211.1051082611084,803,211.47522377967834,803,211.8496959209442,803,212.2159903049469,803,212.71446251869202,803,213.54018998146057,803,213.90091681480408,803,214.29415559768677,803,215.03905200958252,803,215.38001203536987,803,215.83497881889343,803,216.21841144561768,803,216.60122060775757,803,216.9908218383789,803,217.39085268974304,803,217.866357088089,803,218.65081453323364,803,219.04215359687805,803,219.42395186424255,803,219.8074324131012,803,220.17233514785767,803,220.86132788658142,803,221.29722929000854,803,221.76074481010437,803,222.12452054023743,803,222.49323105812073,803,222.8839750289917,803,223.2532856464386,803,223.6365213394165,803,224.0106635093689,803,227.08977961540222,803,227.4766330718994,803,227.84955859184265,803,228.22663640975952,803,229.0336127281189,803,229.4070782661438,803,229.77295184135437,803,230.1572368144989,803,230.53416347503662,803,230.92380571365356,803,231.335951089859,803,231.76824140548706,803,232.1307828426361,803,232.55463409423828,803,232.93882250785828,803,233.31391096115112,803,233.81111979484558,803,234.192036151886,803,234.60425329208374,803,235.04824256896973,803,235.4590826034546,803,235.84633946418762,803,236.2589406967163,803,236.6094036102295,803,237.45855164527893,803,237.8406846523285,801,238.48577618598938,798,239.06157898902893,796,239.52237677574158,796,240.0975959300995,795,240.56859421730042,795,240.95322155952454,795,241.36208724975586,795,241.72056102752686,795,242.17143511772156,795,242.55740571022034,795,242.9511432647705,795,243.32669115066528,795,243.7136948108673,795,244.1396369934082,795,244.55181646347046,795,244.933762550354,795,245.491779088974,795,245.85259580612183,795,246.2228455543518,795,246.58625483512878,795,247.30000472068787,795,247.68651461601257,795,248.09573769569397,795,248.5196328163147,795,248.86279439926147,795,249.2503490447998,795,249.6325604915619,795,250.02852940559387,795,250.47725462913513,795,250.86466717720032,795,251.25598740577698,795,251.73749995231628,795,252.2726514339447,795,252.64632940292358,795,253.01704239845276,795,253.3992326259613,795,253.81343984603882,795,254.39293360710144,795,254.93856525421143,794,255.56149816513062,794,256.2646553516388,793,258.2588005065918,793,258.6296353340149,793,259.0522286891937,793,259.4573254585266,793,259.87197732925415,793,260.252952337265,793,260.6206338405609,793,261.0114405155182,793,261.3764452934265,793,261.87932109832764,793,262.6669375896454,793,263.04530787467957,793,263.4023234844208,793,264.16833996772766,793,264.5815238952637,793,265.0650465488434,793,265.47056794166565,793,266.2129566669464,793,266.6085982322693,793,267.01654171943665,793,267.4915211200714,793,268.53060722351074,793,268.89750504493713,793,269.37744307518005,793,269.7756907939911,793,270.154554605484,793,270.62911224365234,793,271.0164728164673,793,271.40793633461,793,271.8037223815918,793,272.2869086265564,793,272.8936724662781,793,273.26012682914734,793,273.67874121665955,793,274.09563302993774,793,274.51985239982605,793,274.9971206188202,793,275.4573857784271,793,275.85557889938354,793,276.41336965560913,793,276.82249903678894,793,277.2547376155853,793,277.6210227012634,793,278.0682809352875,793,278.44133853912354,793,278.8314781188965,792,279.3120663166046,792,279.73777532577515,792,280.1092953681946,790,280.7642562389374,790,281.64493441581726,790,285.12335324287415,790,285.50628542900085,790,285.90775537490845,790,286.2966492176056,790,286.6761910915375,790,287.0634181499481,790,287.43202328681946,790,287.9038498401642,789,288.4671404361725,788,288.9173147678375,788,289.38631892204285,788,289.8002576828003,788,290.26669669151306,788,290.69624066352844,788,291.0859651565552,788,291.4345302581787,788,291.8157527446747,788,292.1908323764801,788,292.5619933605194,788,292.9484372138977,788,293.896115064621,788,294.34204053878784,788,294.71675157546997,788,295.10137462615967,787,295.5111668109894,787,295.9585280418396,787,296.5693666934967,787,296.94483184814453,787,297.3167600631714,787,297.6890697479248,787,298.0769181251526,787,298.45276141166687,787,298.8917999267578,787,299.26575899124146,787,299.66092801094055,787,300.042765378952
3,random graphs/triangle/r1.5k24n16/graph3.lgbin,4036,210.63308310508728,757,1682,0,1422,0.4743478298187256,1263,0.9659304618835449,1200,1.5156357288360596,1142,1.9866547584533691,1074,2.435227394104004,1027,3.2520089149475098,988,3.741839647293091,937,4.4812681674957275,910,5.344161510467529,899,5.852783679962158,894,6.268952131271362,889,7.06077766418457,888,7.468799829483032,888,7.837529182434082,884,8.334988117218018,883,8.681076526641846,882,9.070127010345459,881,9.599031925201416,875,10.040196895599365,875,10.433876514434814,872,10.86797571182251,872,11.267806768417358,872,11.728960275650024,871,12.28400707244873,871,12.803239107131958,871,13.185430765151978,871,13.562216520309448,871,13.920960187911987,869,14.65885043144226,868,15.04221487045288,868,15.430776596069336,868,15.806577682495117,862,16.196592569351196,859,17.15641713142395,851,17.598145008087158,850,18.09810161590576,842,18.55686378479004,836,19.047897338867188,836,19.43785524368286,835,19.851467609405518,832,20.282636642456055,832,20.64665985107422,829,21.106942176818848,827,21.554404497146606,827,21.960471391677856,827,22.342079162597656,827,22.77039384841919,825,23.32483983039856,823,23.791496753692627,823,24.1716091632843,822,24.611036777496338,819,25.034939527511597,817,25.5222589969635,816,25.953861474990845,816,26.318331718444824,816,26.674099683761597,813,27.1114764213562,809,27.581290245056152,809,27.966334104537964,809,28.325106382369995,809,28.69548273086548,808,29.171791553497314,808,29.527867794036865,808,29.87884283065796,807,30.325044870376587,807,30.735139846801758,804,31.170952320098877,804,31.557257175445557,802,32.01234412193298,798,32.496602058410645,798,32.85123538970947,797,33.260507345199585,797,33.60661745071411,796,34.1640088558197,795,34.57797837257385,795,34.93015766143799,795,35.31425380706787,795,36.07591986656189,792,36.607272148132324,792,37.010098457336426,792,37.36075019836426,790,37.80097007751465,790,38.164132833480835,790,38.51701021194458,790,38.90399980545044,790,39.302804946899414,790,39.674821615219116,790,40.05063462257385,790,40.42706108093262,790,40.806660652160645,790,41.178096771240234,790,41.5769145488739,784,42.04729175567627,784,42.42004084587097,783,42.88094472885132,783,43.26367974281311,781,43.683673620224,781,44.05960702896118,781,44.41579747200012,774,45.01962924003601,774,45.38591027259827,774,45.74940824508667,769,46.20435976982117,768,46.66170620918274,768,47.13384127616882,768,47.512855052948,768,47.90075707435608,768,48.28117895126343,768,48.70195484161377,768,49.03236532211304,768,49.42610740661621,768,49.78716802597046,768,50.155630350112915,768,50.543840408325195,768,50.90685296058655,768,51.358147859573364,768,51.70492935180664,768,52.09385919570923,768,52.526068687438965,768,52.95026135444641,768,53.34225654602051,768,53.709869384765625,768,54.07981634140015,768,54.469446897506714,768,54.82158851623535,768,55.17902445793152,768,55.58708739280701,768,55.985934019088745,768,56.38303804397583,768,56.757086753845215,768,57.14763259887695,768,57.54338002204895,768,57.962422609329224,768,58.3546781539917,768,58.739301443099976,768,59.1272451877594,768,59.4869384765625,768,59.84771680831909,768,60.23793935775757,768,60.61492109298706,768,61.01358604431152,768,61.39058470726013,768,61.78299117088318,768,62.16974067687988,768,62.54731488227844,768,62.95953917503357,768,63.360921144485474,768,63.7123920917511,768,64.10033750534058,768,64.50821995735168,768,64.95540976524353,768,65.31682538986206,768,65.79282975196838,768,66.1496410369873,768,66.52595162391663,768,66.86016178131104,768,67.23292088508606,768,67.62720656394958,768,67.99587559700012,768,68.339839220047,768,69.26962351799011,768,69.63183999061584,768,70.13655757904053,768,70.49207878112793,768,70.87665820121765,768,71.22743344306946,768,71.66424894332886,768,72.04838562011719,768,72.4102668762207,768,72.80745601654053,768,73.18197631835938,768,73.5706536769867,768,73.99688959121704,768,74.35540699958801,768,74.75701332092285,768,75.13245463371277,768,75.49685502052307,768,75.88881635665894,768,76.24278044700623,768,76.58127737045288,768,76.94474291801453,768,77.44652271270752,768,77.79063820838928,768,78.17484021186829,768,78.54756546020508,768,78.99150943756104,768,79.34533762931824,768,79.69684934616089,768,80.08150792121887,768,80.47976493835449,768,80.87064552307129,768,81.25432538986206,768,81.60452175140381,768,81.97107481956482,768,82.3177843093872,768,82.66952800750732,768,83.03332996368408,768,83.38782787322998,768,83.8122169971466,768,84.18843364715576,768,84.54824495315552,768,84.92989873886108,768,85.2779541015625,768,85.63177680969238,768,86.00725102424622,768,86.4034776687622,768,86.7642412185669,768,87.13929390907288,768,87.4993314743042,768,87.9706883430481,768,88.31969738006592,768,88.68942785263062,768,89.05899310112,768,89.48767232894897,768,89.84622168540955,768,90.18773341178894,768,90.5682725906372,768,90.93447756767273,768,91.30450582504272,768,91.64375424385071,768,92.03371071815491,768,92.38684034347534,768,92.74727034568787,768,93.11668252944946,768,93.6469566822052,768,94.04931616783142,768,94.49068212509155,768,94.8677430152893,768,95.21801495552063,768,95.6223394870758,768,96.0894763469696,768,96.42102932929993,768,96.80212235450745,768,97.14425659179688,768,97.68101978302002,768,98.05515766143799,768,98.49751710891724,768,98.87700390815735,768,99.23152565956116,768,99.59621453285217,768,99.97346520423889,768,100.3915855884552,768,100.77982473373413,768,101.13570976257324,768,101.51713490486145,768,101.88071012496948,768,102.29500412940979,768,102.66545152664185,768,103.14166593551636,768,103.4952118396759,768,103.84016251564026,768,104.1863157749176,768,104.57515239715576,768,104.92597770690918,768,105.28958368301392,768,105.66090416908264,768,106.01873922348022,768,106.52338743209839,768,106.88631653785706,767,107.3467071056366,767,107.71009969711304,767,108.09375357627869,767,108.413489818573,767,108.78172826766968,767,109.17417192459106,767,109.51932883262634,767,109.88427209854126,767,110.27099776268005,767,110.61407423019409,767,110.98284912109375,767,111.34419870376587,767,111.72402477264404,767,112.142343044281,767,112.47722148895264,767,112.82589745521545,767,113.18708491325378,767,113.55299544334412,767,113.92666363716125,767,114.28695321083069,767,114.66627931594849,767,114.99684381484985,767,115.37131977081299,767,115.74189496040344,767,116.09016680717468,767,116.4637508392334,767,116.82271814346313,767,117.17837595939636,767,117.53353238105774,767,117.98213911056519,767,118.30285263061523,767,118.76356267929077,767,119.15323901176453,767,119.52265357971191,767,119.87993025779724,767,120.22499823570251,767,120.57641649246216,767,120.90837359428406,766,121.30308604240417,766,121.69491791725159,766,122.08829998970032,766,122.67050004005432,766,123.04857063293457,764,123.46059203147888,760,123.92368960380554,759,124.36356449127197,759,124.73406982421875,759,125.11188840866089,759,125.51983141899109,759,125.86458802223206,759,126.22474884986877,759,126.5933792591095,757,127.1521954536438,757,127.49223113059998,757,127.94209814071655,757,128.35901927947998,757,128.70661640167236,757,129.07141208648682,757,129.4115183353424,757,129.8892424106598,757,130.24512696266174,757,130.6748504638672,757,131.0347535610199,757,131.40103673934937,757,131.76103234291077,757,132.19223499298096,757,132.5618634223938,757,132.93123149871826,757,133.33907461166382,757,133.73635053634644,757,134.12690043449402,757,134.45423340797424,757,134.80472135543823,757,135.1636528968811,757,135.5310673713684,757,135.89459204673767,757,136.24308466911316,757,136.61193943023682,757,136.99017000198364,757,137.33176589012146,757,137.74713373184204,757,138.1313464641571,757,138.51958346366882,757,138.8746428489685,757,139.23512411117554,757,139.59154391288757,757,139.96351099014282,757,140.2906892299652,757,140.67488956451416,757,141.0103404521942,757,141.3563416004181,757,141.70336961746216,757,142.1056032180786,757,142.4895851612091,757,142.84960412979126,757,143.2261607646942,757,143.58910608291626,757,143.9402093887329,757,144.29798936843872,757,144.67991256713867,757,145.0257613658905,757,145.4109890460968,757,145.83019280433655,757,146.17705273628235,757,146.5561239719391,757,146.9044840335846,757,147.284738779068,757,147.63083958625793,757,147.98442196846008,757,148.36072897911072,757,148.71716022491455,757,149.08083844184875,757,149.47742986679077,757,149.83253645896912,757,150.2589201927185,757,150.62544918060303,757,150.98516201972961,757,151.35050868988037,757,151.7363588809967,757,152.08160710334778,757,152.44331669807434,757,152.84256291389465,757,153.21779584884644,757,153.63220977783203,757,153.99305820465088,757,154.3926339149475,757,154.76499032974243,757,155.1193563938141,757,155.46643376350403,757,155.8020658493042,757,156.16987919807434,757,156.59136414527893,757,157.09859108924866,757,157.4435760974884,757,157.82102966308594,757,158.26477980613708,757,158.64302015304565,757,158.9793381690979,757,159.33552956581116,757,159.73745036125183,757,160.12243366241455,757,160.45685005187988,757,160.94110703468323,757,161.34189867973328,757,161.72506523132324,757,162.07261729240417,757,162.44942903518677,757,162.8289008140564,757,163.28809595108032,757,163.71857213974,757,164.11262106895447,757,164.46454453468323,757,164.81208395957947,757,165.1831521987915,757,165.51490259170532,757,165.9032323360443,757,166.2717740535736,757,166.64256238937378,757,166.99862480163574,757,167.3864622116089,757,167.81200003623962,757,168.1900873184204,757,168.54261016845703,757,168.8912227153778,757,169.2696397304535,757,169.6219780445099,757,170.07587432861328,757,170.43629693984985,757,170.80130171775818,757,171.13553857803345,757,171.49329710006714,757,171.84607791900635,757,172.21645283699036,757,172.56764221191406,757,172.919823884964,757,173.25778222084045,757,173.59313559532166,757,173.9560534954071,757,174.312260389328,757,174.66695547103882,757,175.02286100387573,757,175.39772725105286,757,175.74841809272766,757,176.1090211868286,757,176.44082283973694,757,176.79313898086548,757,177.13698267936707,757,177.46515274047852,757,177.79264283180237,757,178.14983773231506,757,178.57071375846863,757,178.9226770401001,757,179.28227591514587,757,179.666738986969,757,180.01070523262024,757,180.45934319496155,757,180.89080667495728,757,181.44270491600037,757,181.8855082988739,757,182.25082182884216,757,182.58982157707214,757,182.97026991844177,757,183.35224151611328,757,183.74542450904846,757,184.1219003200531,757,184.49857449531555,757,184.83394122123718,757,185.20830726623535,757,185.55141687393188,757,185.9255073070526,757,186.28873467445374,757,186.6624813079834,757,187.04341220855713,757,187.411954164505,757,187.8444209098816,757,188.2911195755005,757,188.66009140014648,757,189.02311062812805,757,189.41225624084473,757,189.77846121788025,757,190.13193345069885,757,190.50130486488342,757,190.8873746395111,757,191.24674272537231,757,191.621031999588,757,191.98812890052795,757,192.37892079353333,757,192.74674916267395,757,193.13397336006165,757,193.4925355911255,757,193.8455913066864,757,194.21218585968018,757,194.70688819885254,757,195.23745942115784,757,195.69108152389526,757,196.06629753112793,757,196.42205262184143,757,196.77333235740662,757,197.11401653289795,757,197.4920699596405,757,197.8465666770935,757,198.20857763290405,757,198.57025384902954,757,198.9528956413269,757,199.40427112579346,757,199.7627124786377,757,200.12347745895386,757,200.62842202186584,757,201.02214765548706,757,201.38280487060547,757,201.7478964328766,757,202.13469624519348,757,202.5852346420288,757,203.0369839668274,757,203.43401455879211,757,203.80180764198303,757,204.16450691223145,757,204.59835481643677,757,204.98795104026794,757,205.3755533695221,757,205.79653143882751,757,206.17876076698303,757,206.55751848220825,757,206.95415234565735,757,207.3100802898407,757,207.6519739627838,757,208.01412868499756,757,208.38667702674866,757,208.8042130470276,757,209.16064596176147,757,209.69789266586304,757,210.06526589393616,757,210.44027829170227,757,210.79373621940613,757,211.1566219329834,757,211.51985788345337,757,211.91875100135803,757,212.32256174087524,757,212.7705466747284,757,213.1365807056427,757,213.49433588981628,757,213.8548710346222,757,214.207679271698,757,214.6416928768158,757,215.04724073410034,757,215.43942022323608,757,215.76837396621704,757,216.11752223968506,757,216.4837875366211,757,217.12783527374268,757,217.47348833084106,757,217.81817889213562,757,218.144544839859,757,218.50908732414246,757,218.86255407333374,757,219.23723649978638,757,219.57348084449768,757,219.9421992301941,757,220.2987334728241,757,220.6541564464569,757,221.09305906295776,757,221.48625564575195,757,221.8461775779724,757,222.21037340164185,757,222.5800838470459,757,222.9076361656189,757,223.28516268730164,757,223.6516134738922,757,223.9968945980072,757,224.35539865493774,757,224.7290596961975,757,225.0843665599823,757,225.42867159843445,757,225.78994393348694,757,226.12311029434204,757,226.50364303588867,757,226.87121534347534,757,227.2411618232727,757,227.60835647583008,757,227.95925569534302,757,228.3247389793396,757,228.6790955066681,757,229.034108877182,757,229.44539856910706,757,229.81271171569824,757,230.15592002868652,757,230.51375675201416,757,230.86509656906128,757,231.22819304466248,757,231.5907678604126,757,231.95120763778687,757,232.2852337360382,757,232.64712643623352,757,232.98233151435852,757,233.3209891319275,757,233.70472645759583,757,234.0545711517334,757,234.41692781448364,757,234.7877495288849,757,235.1696696281433,757,235.5168993473053,757,235.8506600856781,757,236.2095808982849,757,236.56914710998535,757,236.9849853515625,757,237.34245491027832,757,237.7189404964447,757,238.08803272247314,757,238.46822047233582,757,238.86624121665955,757,239.24342608451843,757,239.61411952972412,757,240.02575516700745,757,240.3988699913025,757,240.73675799369812,757,241.14244627952576,757,241.54150915145874,757,241.92911076545715,757,242.34633946418762,757,242.85158586502075,757,243.18085765838623,757,243.57094478607178,757,244.0275902748108,757,244.34551310539246,757,244.68027520179749,757,245.21770906448364,757,245.58496761322021,757,245.94416761398315,757,246.30309319496155,757,246.66812133789062,757,247.06612730026245,757,247.51271772384644,757,247.83466935157776,757,248.17032098770142,757,248.5442578792572,757,248.86924815177917,757,249.22615218162537,757,249.58986735343933,757,249.95159029960632,757,250.32760000228882,757,250.66913676261902,757,251.09595155715942,757,251.45518016815186,757,251.80535554885864,757,252.1535336971283,757,252.5485873222351,757,252.8965198993683,757,253.3166241645813,757,253.66716694831848,757,254.03000259399414,757,254.45047545433044,757,254.7776176929474,757,255.11674809455872,757,255.46919107437134,757,255.9214472770691,757,256.29655170440674,757,256.6415345668793,757,257.0061733722687,757,257.3706774711609,757,257.78524804115295,757,258.1424045562744,757,258.48329186439514,757,258.8808732032776,757,259.2698276042938,757,259.6170675754547,757,259.9671845436096,757,260.38123750686646,757,260.7546224594116,757,261.1143879890442,757,261.50916934013367,757,261.88794779777527,757,262.2569923400879,757,262.63179445266724,757,263.0049421787262,757,263.3339340686798,757,263.67957878112793,757,264.0408356189728,757,264.40567922592163,757,264.74293065071106,757,265.0942962169647,757,265.4809498786926,757,265.8799488544464,757,266.2206566333771,757,266.582270860672,757,266.98458886146545,757,267.63802337646484,757,267.97327184677124,757,268.35152983665466,757,268.72946667671204,757,269.1076965332031,757,269.4921956062317,757,269.82603883743286,757,270.17979311943054,757,270.54952335357666,757,270.981507062912,757,271.352557182312,757,271.7353217601776,757,272.1324234008789,757,272.47748494148254,757,272.84059834480286,757,273.23057985305786,757,273.616770029068,757,273.95992374420166,757,274.3547999858856,757,274.72678565979004,757,275.080518245697,757,275.439138174057,757,275.79402208328247,757,276.17106676101685,757,276.51312041282654,757,276.87246918678284,757,277.22626852989197,757,277.5995671749115,757,277.99402379989624,757,278.35028982162476,757,278.83864402770996,757,279.1765670776367,757,279.6554274559021,757,280.10007333755493,757,280.4602382183075,757,280.8201925754547,757,281.2244300842285,757,281.57563376426697,757,281.9393274784088,757,282.342871427536,757,282.70704317092896,757,283.0910995006561,757,283.4611585140228,757,284.2784261703491,757,284.65685415267944,757,284.988205909729,757,285.3492350578308,757,285.97149872779846,757,286.43811202049255,757,286.86043763160706,757,287.2954218387604,757,287.75705218315125,757,288.12576055526733,757,288.5059745311737,757,288.9228343963623,757,289.30588603019714,757,289.65251660346985,757,290.0585026741028,757,290.4389979839325,757,290.8515501022339,757,291.2451272010803,757,291.62073135375977,757,291.9723286628723,757,292.33237648010254,757,292.70948457717896,757,293.09082293510437,757,293.4321024417877,757,293.79428577423096,757,294.1621391773224,757,294.51369190216064,757,294.8764946460724,757,295.35321974754333,757,295.88814640045166,757,296.33377146720886,757,296.72875785827637,757,297.0798943042755,757,297.45400309562683,757,297.83580923080444,757,298.2333679199219,757,298.5927460193634,757,298.9318416118622,757,299.3649444580078,757,299.70594811439514,757,300.0809450149536
4,random graphs/triangle/r1.5k24n16/graph4.lgbin,4036,227.82665181159973,848,1770,0,1447,1.3183400630950928,1303,1.8468623161315918,1218,2.355574607849121,1153,3.3416080474853516,1083,4.2053117752075195,1054,4.843653202056885,1010,5.743666887283325,978,6.219708204269409,961,7.111726760864258,952,7.507872581481934,939,7.992223262786865,935,8.427353143692017,923,8.966597557067871,907,9.998389482498169,899,10.776769876480103,898,11.238695859909058,895,11.732165336608887,893,12.097677230834961,887,12.64153265953064,887,13.045180559158325,885,13.684631824493408,885,14.05551552772522,885,14.445059299468994,882,15.360121726989746,882,15.757789850234985,881,16.202516555786133,881,16.57369112968445,880,17.039333820343018,880,17.414100885391235,879,18.029608964920044,875,18.48951268196106,871,18.93565607070923,871,19.453174352645874,871,19.971739053726196,871,20.77333092689514,871,21.14644169807434,871,21.507741451263428,869,22.208096742630005,869,22.582999229431152,869,22.968329429626465,869,23.362812757492065,869,23.812265872955322,869,24.30388045310974,869,24.79167151451111,869,25.172431468963623,869,25.53475522994995,867,26.06368589401245,863,26.543198347091675,863,26.9230318069458,863,27.306227684020996,860,27.663451433181763,860,28.02862572669983,860,28.412863731384277,860,29.250420093536377,860,29.701116800308228,860,30.147408962249756,858,30.60260772705078,858,31.292261838912964,858,31.66105341911316,857,32.42570114135742,857,32.88783359527588,856,33.44111227989197,855,33.91791653633118,855,34.30866813659668,855,34.716388463974,855,35.173752307891846,855,35.54799962043762,855,35.923030853271484,855,36.35912275314331,855,36.72344756126404,855,37.118348360061646,855,37.489734411239624,855,37.91403579711914,855,38.28555393218994,855,38.70398926734924,855,39.188610553741455,855,39.591092348098755,855,40.00562071800232,855,40.36586260795593,855,40.78642392158508,855,41.17199659347534,855,41.58229184150696,855,42.069716930389404,854,42.596400022506714,854,43.37487530708313,853,43.79272651672363,853,44.14120292663574,853,44.51555681228638,853,44.87051749229431,853,45.24321627616882,853,45.756977796554565,853,46.24563527107239,853,46.65121102333069,852,47.13598155975342,852,47.53305649757385,852,47.91856050491333,852,48.57605957984924,852,48.977001905441284,852,49.33197832107544,852,49.740545988082886,852,50.229114294052124,852,50.64013862609863,850,51.09647583961487,850,51.47972083091736,850,52.042818784713745,850,52.39953970909119,850,52.86677861213684,850,53.227981090545654,850,53.6140034198761,850,54.06681227684021,850,54.48270511627197,850,55.275322914123535,850,55.810291051864624,850,56.16304898262024,850,56.56947684288025,850,56.96802878379822,850,57.6608772277832,850,58.09080910682678,850,58.477410078048706,850,58.88468050956726,850,59.33471202850342,850,59.732502937316895,850,60.11189603805542,850,60.497549057006836,850,60.86471343040466,850,61.331088066101074,850,61.69039249420166,850,62.22572422027588,850,62.60807991027832,850,62.98542547225952,850,63.370482206344604,850,63.747520208358765,850,64.10875535011292,850,64.45755052566528,850,64.82798671722412,850,65.21179628372192,850,65.5967264175415,850,65.93487501144409,850,66.28612756729126,850,67.01776361465454,850,67.40288257598877,850,70.44192719459534,850,70.90290641784668,850,71.29333066940308,850,71.7102689743042,850,72.11506938934326,850,72.51339101791382,850,72.88583779335022,850,73.2733404636383,850,73.67648029327393,850,74.05643033981323,850,74.42898917198181,850,74.8284502029419,850,75.36204028129578,850,75.77086353302002,850,76.15426754951477,850,76.63322496414185,850,77.50193810462952,850,78.04960417747498,850,78.46143507957458,850,78.93888020515442,850,79.34824085235596,850,79.76233863830566,850,80.14071679115295,850,80.52439022064209,850,80.91105461120605,850,81.31013941764832,850,82.09346628189087,850,82.52747130393982,850,82.88589715957642,850,83.32815408706665,850,83.71420097351074,850,84.074223279953,850,84.90143537521362,850,85.66072630882263,850,86.16296911239624,850,86.67329216003418,850,87.09033751487732,850,87.4436092376709,850,87.999347448349,850,88.4012176990509,850,88.76696014404297,850,89.12774133682251,850,89.64247679710388,850,90.05357527732849,850,90.73369026184082,850,91.12916302680969,850,91.7042465209961,850,92.08438277244568,850,92.47275948524475,850,92.8325400352478,850,93.20904016494751,850,93.92672967910767,850,94.30039262771606,850,94.67662572860718,850,95.07237887382507,850,95.46638417243958,850,95.90931868553162,850,96.33504247665405,850,96.72819447517395,850,97.24993419647217,850,97.65700697898865,850,98.03514289855957,850,98.40237855911255,850,98.82345986366272,850,99.2185435295105,850,99.70182132720947,850,100.2170820236206,850,100.60671067237854,850,101.34988617897034,850,101.7367672920227,850,102.16665291786194,850,102.55019330978394,850,102.93012595176697,850,103.8088014125824,850,104.25372958183289,850,104.73285961151123,850,105.11799192428589,850,105.4907877445221,850,105.84117341041565,850,106.7650420665741,850,107.14258456230164,850,107.61803030967712,850,108.11724185943604,850,108.48062753677368,850,109.27633285522461,850,109.67556309700012,850,110.14333510398865,850,110.53306174278259,850,111.00587487220764,850,111.4510509967804,850,111.92123460769653,850,112.37321352958679,850,112.75528573989868,850,113.13985991477966,850,113.65450501441956,850,114.1514208316803,850,114.71744155883789,850,115.23690843582153,850,115.71088695526123,850,116.3218834400177,850,117.06220316886902,850,117.4216136932373,850,117.77424025535583,850,118.26203393936157,850,118.71980381011963,850,119.53707671165466,850,119.90945053100586,850,120.30558466911316,850,120.68768548965454,850,121.08829092979431,850,121.44607591629028,850,121.93142914772034,850,122.34028029441833,850,122.79662132263184,850,123.27959275245667,850,123.74436712265015,850,124.09943890571594,850,124.49290776252747,850,124.89111423492432,850,125.32019519805908,850,125.69145274162292,850,126.06841707229614,850,126.4699375629425,850,126.99360084533691,850,129.53182220458984,850,130.02970671653748,850,132.40201234817505,850,132.82187366485596,850,133.22430872917175,850,133.71160531044006,850,134.21751284599304,850,134.60297322273254,850,134.97471594810486,850,135.4528625011444,850,135.81901025772095,850,136.24829959869385,850,136.79024720191956,850,137.23504877090454,850,141.35490703582764,850,141.76918935775757,850,142.13511729240417,850,142.512366771698,850,142.93017721176147,850,143.38456320762634,850,143.76555585861206,850,144.1424343585968,850,144.5286214351654,850,144.89464044570923,850,145.2837312221527,850,145.6604676246643,850,146.00954055786133,850,146.55471920967102,850,147.28250432014465,850,147.71163511276245,850,148.21386528015137,850,148.58524012565613,850,148.97942757606506,850,149.36163902282715,850,149.74767112731934,850,150.628671169281,850,151.05246424674988,850,151.47949409484863,850,151.84594321250916,850,152.2205741405487,850,152.72186994552612,850,153.22944402694702,850,153.58504819869995,850,154.01568412780762,850,154.4085717201233,850,154.78387832641602,850,155.21161818504333,850,155.90655159950256,850,156.64202880859375,850,157.01560878753662,850,157.86781764030457,850,158.36522579193115,850,158.8144555091858,850,159.21136116981506,850,159.6089482307434,850,159.99376559257507,850,160.37275314331055,850,160.74378991127014,850,161.1191759109497,850,161.48813343048096,850,161.9353699684143,850,162.31204342842102,850,162.71723175048828,850,163.22943592071533,850,163.64981341362,850,164.09029030799866,850,164.50716853141785,850,164.90453362464905,850,165.29465055465698,850,165.740660905838,850,166.1011335849762,850,166.575856924057,850,166.99448084831238,850,167.4526674747467,850,167.82187271118164,850,168.2079610824585,850,168.55316400527954,850,168.96512866020203,850,169.37039875984192,850,169.7599160671234,850,170.4984302520752,850,170.9246265888214,850,171.33578968048096,850,171.81569623947144,850,172.18283462524414,850,175.19428086280823,850,175.5751087665558,850,175.95363640785217,850,176.32254338264465,850,176.68889570236206,850,177.15225958824158,850,177.57058763504028,850,177.96534085273743,850,178.33099508285522,850,181.28895258903503,850,182.21173453330994,850,183.1024227142334,850,183.4893560409546,850,184.11122512817383,850,184.4914791584015,850,184.86500072479248,850,185.24284672737122,850,185.68932509422302,850,186.07075572013855,850,186.51234555244446,850,187.0401692390442,850,187.44249868392944,850,187.84345197677612,850,188.21716046333313,850,188.59180760383606,850,188.9879093170166,850,189.65564250946045,850,190.03851437568665,850,190.4244647026062,850,191.2271511554718,850,191.6105477809906,850,192.19211745262146,850,192.59732222557068,850,193.07181811332703,850,193.46908497810364,850,193.97370266914368,850,194.33098602294922,850,194.73797750473022,850,195.1644835472107,850,195.54231452941895,850,196.30512619018555,850,196.67610836029053,850,197.51285457611084,850,197.89906406402588,850,198.41886186599731,850,198.90114498138428,850,199.3275203704834,850,199.71645784378052,850,200.1067657470703,850,202.7249071598053,850,203.1489441394806,850,203.50999450683594,850,204.24381566047668,850,204.63252115249634,850,205.0970380306244,850,205.53575468063354,850,206.28173327445984,850,206.667307138443,850,207.0348608493805,850,207.42457056045532,850,207.8680498600006,850,208.3433690071106,850,208.77629852294922,850,209.13797545433044,850,209.61734056472778,850,210.32481002807617,850,210.7676808834076,850,211.12364435195923,850,211.48752236366272,850,211.88696813583374,850,212.29329562187195,850,212.75083088874817,850,213.10483574867249,850,213.6573076248169,850,214.0540735721588,850,216.40651750564575,850,216.78413653373718,850,217.25930213928223,850,217.78629755973816,850,218.20740509033203,850,218.98554015159607,850,219.3469638824463,850,219.75986123085022,850,220.14964532852173,850,220.64246582984924,850,221.0067174434662,850,221.35816431045532,850,221.7094531059265,850,224.2597153186798,850,224.6406421661377,850,225.0823736190796,850,225.47254729270935,850,225.82255101203918,850,226.34356927871704,850,226.72133326530457,850,227.18924140930176,850,227.5600073337555,850,227.9437096118927,850,228.32437014579773,850,228.71936964988708,850,229.0886425971985,850,229.46679782867432,850,232.76454734802246,849,233.60205841064453,849,234.05555629730225,849,234.42448377609253,849,234.87421822547913,849,235.25633811950684,849,235.71979975700378,849,236.21162009239197,849,236.62408876419067,849,240.38772654533386,849,240.902978181839,849,241.38681554794312,849,241.86913347244263,849,242.25553274154663,849,243.12546753883362,849,243.99859809875488,849,244.37824535369873,849,244.91837882995605,849,245.31858587265015,849,245.72568440437317,849,246.13380193710327,849,246.93860268592834,849,247.4354224205017,849,247.87597250938416,849,248.72295761108398,849,249.18651604652405,849,249.90918040275574,849,250.31065678596497,849,250.71481895446777,849,251.06803154945374,849,251.4044690132141,849,251.80112743377686,849,252.23015999794006,849,252.61405062675476,849,253.00856852531433,849,253.38996744155884,849,254.25257897377014,849,254.76149582862854,849,255.13917350769043,849,255.8808891773224,849,256.24649953842163,849,256.62510871887207,849,257.00686740875244,849,257.4669523239136,849,257.8521933555603,849,258.2373631000519,849,258.7644784450531,849,259.1514654159546,849,259.5229923725128,849,259.87312388420105,849,260.33105540275574,849,260.74448466300964,849,261.12153792381287,849,261.50127696990967,849,261.8825361728668,849,262.2090873718262,849,262.5811686515808,849,262.96318888664246,849,263.44176840782166,849,263.86369729042053,849,264.23279571533203,849,264.6340250968933,849,265.0867118835449,849,265.57797598838806,849,265.95461654663086,849,266.333309173584,849,266.7718186378479,849,267.12642431259155,849,267.49865531921387,849,268.1466329097748,849,268.5854787826538,849,268.93471217155457,849,269.29011607170105,849,269.6633765697479,849,270.0356321334839,849,270.4253046512604,849,270.8073945045471,849,271.4716181755066,849,271.8212854862213,849,272.1475327014923,849,272.55638456344604,849,272.92175459861755,849,273.37444281578064,849,273.8001661300659,849,274.21606969833374,849,274.58517384529114,849,275.4145498275757,849,275.853453874588,849,276.23138189315796,849,276.58533573150635,849,276.94614243507385,849,277.7239577770233,849,278.1720767021179,849,278.5964949131012,849,278.9669852256775,849,279.36600708961487,849,279.7227289676666,849,280.1595184803009,849,280.53337478637695,849,280.92375111579895,849,281.3014645576477,849,281.7193648815155,849,282.10915637016296,849,282.78624296188354,849,283.17051219940186,849,283.59532737731934,849,283.9587526321411,849,284.32193994522095,849,284.6927354335785,849,285.4552843570709,849,285.81814646720886,849,286.1772246360779,849,286.53550004959106,849,286.92418932914734,849,287.61285305023193,849,287.9741415977478,849,288.34788036346436,849,288.79606795310974,848,289.22775888442993,848,289.6063268184662,848,290.0264468193054,848,290.37809014320374,848,290.75574016571045,848,291.27413868904114,848,291.6122350692749,848,291.99787616729736,848,292.37436723709106,848,292.76176285743713,848,293.14382696151733,848,293.59825015068054,848,294.1591548919678,848,294.5812294483185,848,294.9603009223938,848,295.33672738075256,848,295.7158935070038,848,296.0910384654999,848,296.43841099739075,848,297.2666509151459,848,297.6693687438965,848,298.02393317222595,848,298.46915221214294,848,298.8423810005188,848,299.2181963920593,848,299.95073556900024,848,300.127952337265
0,random graphs/triangle/r1.5k24n16/graph0.lgbin,7400,266.2584738731384,779,1739,0,1423,2.9856038093566895,1305,5.257845163345337,1184,8.891780138015747,1067,14.178199529647827,994,16.313349723815918,923,18.259836435317993,900,19.19755482673645,889,20.55258059501648,887,22.29949426651001,878,23.11342191696167,873,23.845804452896118,865,25.503898859024048,862,26.882701635360718,855,28.31367039680481,853,29.401535749435425,852,30.14687466621399,850,31.12647008895874,839,33.27388906478882,831,34.91281819343567,829,36.33635234832764,827,38.22411561012268,825,40.514256954193115,821,42.28276300430298,817,43.025665283203125,814,44.09538769721985,814,45.479485511779785,814,47.24237895011902,811,47.967679500579834,803,48.64772009849548,796,50.16674518585205,795,50.76838684082031,795,51.378212213516235,791,52.55951929092407,791,53.333919048309326,791,54.305115699768066,791,56.11045694351196,791,56.701133012771606,790,58.79576754570007,790,60.27664136886597,790,60.83139395713806,790,61.538851737976074,790,62.28307509422302,790,63.6163809299469,790,64.21529364585876,790,65.96201777458191,790,66.64373874664307,790,68.41148853302002,788,70.39746856689453,788,72.10085725784302,786,72.92532110214233,786,74.83912992477417,786,75.61525273323059,786,77.38965559005737,786,78.88404321670532,786,79.5532021522522,786,80.20837807655334,786,81.16391968727112,786,81.84270143508911,786,82.8009991645813,786,83.66503095626831,786,84.25123596191406,786,85.59704351425171,786,87.00959587097168,786,88.5735833644867,786,89.16364812850952,786,89.91121768951416,786,91.55003786087036,786,92.31033182144165,786,93.55284261703491,786,96.1322877407074,786,96.74997425079346,786,97.65538907051086,786,98.53758692741394,786,99.2497935295105,786,99.85044598579407,786,100.82203698158264,786,101.51805710792542,786,102.52382731437683,786,104.48725366592407,786,106.63279438018799,786,107.49378299713135,786,108.41084003448486,786,110.16266226768494,786,111.41340661048889,786,112.06632328033447,786,113.72331094741821,786,114.50199341773987,786,116.20279383659363,786,117.19870853424072,786,118.62207794189453,786,119.54869723320007,786,120.22062802314758,786,121.09396195411682,786,123.46858024597168,786,125.15099477767944,786,125.823007106781,786,127.5657799243927,786,128.98036408424377,786,130.27416467666626,786,131.48363876342773,786,132.35903811454773,786,133.06538891792297,786,134.72959280014038,786,135.63234686851501,786,136.392151594162,786,137.1922664642334,786,139.0129804611206,786,140.0506010055542,786,140.763343334198,786,141.3503394126892,786,142.62591576576233,786,143.27787709236145,786,144.00239086151123,786,145.63966536521912,786,146.3941261768341,786,147.92078161239624,786,149.45907521247864,786,150.04219603538513,786,150.95179653167725,786,151.64447927474976,786,153.04741311073303,786,153.8548882007599,786,154.71529412269592,786,155.50114274024963,786,157.17318415641785,786,158.89323043823242,786,159.89553213119507,786,161.8106553554535,786,162.78802633285522,786,163.48746275901794,786,164.13681149482727,786,164.70523762702942,786,165.45317029953003,786,167.01965260505676,786,167.7056987285614,786,168.58912754058838,786,169.44675707817078,786,170.78175044059753,786,171.62751626968384,786,172.27233719825745,786,173.73800468444824,786,174.38403272628784,786,175.05754590034485,786,176.96478509902954,786,178.43459844589233,786,179.00890851020813,786,179.6620593070984,786,181.4039614200592,786,182.80995845794678,786,183.4519214630127,786,184.25302934646606,786,185.84877395629883,786,186.53514575958252,786,187.17475485801697,786,187.76634812355042,786,188.44371461868286,786,190.24567580223083,786,191.0534155368805,786,192.34933590888977,786,192.89724445343018,786,193.46794891357422,786,194.262348651886,786,194.97410225868225,786,195.78846311569214,786,197.8463258743286,786,198.7243137359619,786,200.41973304748535,786,201.18063950538635,786,202.43448114395142,786,203.12353658676147,786,203.71058893203735,786,204.54354977607727,786,206.29960894584656,786,206.93075466156006,786,208.3593454360962,786,210.03882670402527,786,210.69509196281433,786,211.36125874519348,786,212.30161666870117,786,215.2086799144745,786,215.87410497665405,786,216.86114120483398,786,217.4818720817566,786,218.2303490638733,786,220.10478138923645,786,220.70412731170654,786,221.30628967285156,786,222.11484551429749,786,222.7445342540741,786,223.60256934165955,786,225.44938707351685,786,226.08292627334595,786,226.78472089767456,786,228.54990530014038,786,229.1366846561432,786,229.8053262233734,786,230.51866459846497,785,231.84464955329895,785,232.58330082893372,785,234.26196265220642,785,235.06960082054138,785,235.69301438331604,785,236.55276679992676,785,237.8792085647583,785,239.68673276901245,785,240.6123912334442,785,241.45579648017883,785,242.37363147735596,785,242.98748803138733,785,243.5955672264099,785,244.4185173511505,785,245.0324409008026,785,246.43317294120789,785,247.17684125900269,785,248.1287043094635,781,249.53986024856567,781,250.41096258163452,781,250.97661685943604,781,251.55877375602722,781,252.1230866909027,781,252.87512826919556,781,253.68039178848267,781,254.59816765785217,781,255.33549189567566,779,256.2925486564636,779,257.114218711853,779,257.7548358440399,779,258.5285906791687,779,259.2781720161438,779,260.9456875324249,779,261.70816946029663,779,262.65377855300903,779,264.4030203819275,779,265.6492848396301,779,266.4843842983246,779,271.9946439266205,779,273.90759539604187,779,274.47362184524536,779,275.10311675071716,779,276.44750809669495,779,278.243230342865,779,279.2497205734253,779,280.01816511154175,779,281.64275074005127,779,282.40206694602966,779,283.77995347976685,779,285.92406129837036,779,287.51220750808716,779,288.310120344162,779,289.2560203075409,779,289.9174554347992,779,290.8066420555115,779,292.24523186683655,779,293.0235102176666,779,293.5662851333618,779,294.2269344329834,779,295.9094078540802,779,296.6115012168884,779,297.3341519832611,779,298.0215554237366,779,299.6513557434082,779,300.14003109931946
1,random graphs/triangle/r1.5k24n16/graph1.lgbin,7400,260.53481221199036,733,1622,0,1274,6.029941558837891,1132,9.207412242889404,1037,10.371671438217163,951,12.433552265167236,888,14.212928056716919,860,14.951198101043701,834,16.715682983398438,791,18.03767442703247,778,20.0727219581604,760,20.755732774734497,755,22.38335657119751,751,23.204617261886597,745,23.895814180374146,745,24.6208074092865,740,26.57711124420166,740,27.080467700958252,737,27.94609832763672,737,28.769131898880005,737,29.6330304145813,737,31.170976400375366,737,32.895424365997314,737,33.48265600204468,737,34.28081035614014,737,35.01090955734253,737,36.12596607208252,737,37.575072288513184,737,38.14428210258484,737,38.70761227607727,737,39.29862880706787,737,39.81999135017395,737,40.41425061225891,737,41.100472927093506,737,41.62525510787964,737,42.2015745639801,737,42.82816696166992,737,43.34610104560852,737,44.98291540145874,737,46.823662757873535,737,47.618916749954224,737,48.34599423408508,737,49.06010937690735,737,49.82801389694214,737,50.41463255882263,737,51.02377533912659,737,51.86794638633728,737,53.44431948661804,737,54.079723834991455,737,54.66882133483887,737,55.26357054710388,737,56.89791965484619,737,57.599280834198,737,58.12988495826721,737,58.711594581604004,737,59.28500533103943,737,59.85472750663757,737,61.48390483856201,737,62.26956820487976,737,62.9186954498291,737,63.700387716293335,737,64.28723692893982,737,64.79982447624207,737,65.35597920417786,737,65.84343647956848,737,66.36475610733032,737,67.12057375907898,737,68.65392637252808,737,70.1203727722168,737,70.69654655456543,737,71.54805827140808,737,72.26355481147766,737,72.95352602005005,737,74.84172654151917,737,75.48688340187073,737,76.35666394233704,737,77.03794765472412,737,77.85916113853455,737,78.77607154846191,737,79.43701958656311,737,80.1377305984497,737,82.10762691497803,737,82.74050092697144,737,83.41991972923279,737,84.00493931770325,737,84.80923461914062,737,85.41044783592224,737,86.98554587364197,737,88.58578515052795,737,89.98841500282288,737,90.60122060775757,737,91.26224327087402,737,91.83703541755676,737,92.35350513458252,737,92.98431038856506,737,93.65266036987305,737,94.195241689682,737,94.82566952705383,737,95.41032671928406,737,97.08479022979736,737,97.6180100440979,737,98.14536309242249,737,98.75517082214355,737,100.18508076667786,737,101.39096403121948,737,101.95182156562805,737,102.80956244468689,737,103.53566837310791,737,104.06933236122131,737,106.1444571018219,737,106.67839241027832,737,107.25415444374084,737,108.90502500534058,737,109.60485935211182,737,110.34667897224426,737,111.80240941047668,737,113.62688374519348,737,114.14938020706177,737,114.84533882141113,737,115.38427233695984,737,116.03612327575684,737,116.55781698226929,737,117.15472507476807,737,118.64688611030579,735,120.41414546966553,735,121.63427925109863,735,122.27546000480652,735,122.89551043510437,735,123.53537702560425,735,125.25040936470032,735,126.82797455787659,735,128.43134832382202,735,129.20839643478394,735,129.96777510643005,734,130.6218981742859,734,131.30360221862793,733,132.03689241409302,733,132.5351779460907,733,134.40565729141235,733,135.0821213722229,733,135.72768235206604,733,136.46099162101746,733,137.11381363868713,733,137.8811810016632,733,138.44440245628357,733,139.75458574295044,733,140.30215311050415,733,141.7233293056488,733,142.4068922996521,733,143.8816499710083,733,144.42924427986145,733,145.32749557495117,733,147.16729187965393,733,147.94174528121948,733,148.5668179988861,733,150.1523780822754,733,150.721928358078,733,151.30602979660034,733,152.89237070083618,733,154.7615451812744,733,155.2781150341034,733,156.27603006362915,733,157.03571820259094,733,157.6164572238922,733,159.40613293647766,733,160.21019291877747,733,161.03519129753113,733,161.75885319709778,733,162.28130102157593,733,163.83510446548462,733,165.6146891117096,733,167.16387486457825,733,167.7257297039032,733,168.24208545684814,733,168.9841423034668,733,169.58905911445618,733,170.27302145957947,733,170.8959445953369,733,171.44936752319336,733,172.07393383979797,733,172.6325340270996,733,173.41023445129395,733,173.95463633537292,733,175.28631234169006,733,175.8427381515503,733,176.48823070526123,733,177.23916029930115,733,177.89525747299194,733,178.44460535049438,733,178.96767568588257,733,179.78491020202637,733,180.32838773727417,733,181.1339077949524,733,182.68040871620178,733,183.18950653076172,733,184.93674850463867,733,185.46859574317932,733,186.3987476825714,733,187.94851875305176,733,189.82202911376953,733,190.36832189559937,733,190.9532289505005,733,191.5838840007782,733,192.30192112922668,733,193.19971871376038,733,193.74440217018127,733,194.2743124961853,733,194.80153942108154,733,195.4418432712555,733,197.08010625839233,733,197.8972930908203,733,199.52002882957458,733,200.28913068771362,733,200.93130779266357,733,202.09202575683594,733,203.74818229675293,733,204.5916121006012,733,205.3068242073059,733,206.13602995872498,733,206.74236965179443,733,207.4720103740692,733,208.0421004295349,733,208.69586944580078,733,210.22412657737732,733,211.68412351608276,733,212.35766196250916,733,213.09167623519897,733,213.78042340278625,733,215.2862570285797,733,216.77289009094238,733,217.4167902469635,733,218.0939838886261,733,218.76843094825745,733,219.4410524368286,733,220.05382537841797,733,220.70105123519897,733,222.62475514411926,733,224.47875475883484,733,225.2288055419922,733,225.96431374549866,733,226.6965491771698,733,227.33596086502075,733,229.0333595275879,733,230.75025248527527,733,232.28908276557922,733,232.80143690109253,733,233.9654622077942,733,234.73924803733826,733,235.31358361244202,733,235.8659589290619,733,236.50709581375122,733,237.1454200744629,733,237.9723837375641,733,239.5868890285492,733,240.3030617237091,733,241.05189394950867,733,241.6918182373047,733,242.28146743774414,733,243.0084216594696,733,243.5224733352661,733,244.19868636131287,733,244.7086887359619,733,245.43444085121155,733,247.04273200035095,733,248.1727454662323,733,248.72779655456543,733,249.56480431556702,733,250.71626114845276,733,252.59341192245483,733,253.18529343605042,733,253.72406458854675,733,254.7270839214325,733,255.4153163433075,733,255.92634224891663,733,256.4626443386078,733,258.22660970687866,733,258.74009561538696,733,259.4710912704468,733,261.04421043395996,733,262.66611409187317,733,264.206182718277,733,264.8106782436371,733,265.3392412662506,733,265.85185837745667,733,266.3717837333679,733,267.08043217658997,733,268.92610573768616,733,269.4920959472656,733,270.04824018478394,733,270.68625569343567,733,271.3490562438965,733,272.14038848876953,733,272.8754346370697,733,273.4963550567627,733,274.0117874145508,733,274.58219814300537,733,275.1468722820282,733,275.7410840988159,733,276.28103375434875,733,276.8441722393036,733,277.42803978919983,733,278.29175424575806,733,280.54352045059204,733,281.9618649482727,733,282.66545510292053,733,284.4121735095978,733,286.08188581466675,733,286.6365144252777,733,288.25373244285583,733,288.85673809051514,733,289.6357653141022,733,290.3390815258026,733,291.0355577468872,733,291.80457305908203,733,292.48597502708435,733,294.20241117477417,733,296.5454833507538,733,298.19389390945435,733,299.0408020019531,733,299.6555321216583,733,300.1301255226135
2,random graphs/triangle/r1.5k24n16/graph2.lgbin,7400,272.8751015663147,783,1672,0,1246,3.117863655090332,1128,6.932016372680664,1074,8.666572093963623,985,13.926269054412842,953,14.987068176269531,922,16.188472032546997,911,16.903549909591675,900,18.043959140777588,895,19.985350131988525,890,21.354389429092407,888,23.36234951019287,886,24.614808797836304,885,27.957629442214966,876,30.716989278793335,875,32.12690854072571,855,33.674980878829956,853,34.91807413101196,849,36.55615425109863,844,37.44393062591553,844,38.8935821056366,842,40.218743085861206,835,41.42414855957031,832,42.958223819732666,831,44.09345102310181,827,45.84375286102295,827,46.698567390441895,827,48.35766005516052,821,50.19037222862244,821,51.70065093040466,821,52.401262521743774,818,53.96732139587402,818,54.80715250968933,818,55.729840993881226,815,56.60223865509033,810,58.300464391708374,809,59.45444297790527,802,60.36305379867554,799,61.1817352771759,797,62.477352142333984,795,63.74421811103821,794,65.0859727859497,794,65.7112386226654,794,67.28735685348511,793,68.02637434005737,793,69.46716928482056,793,70.2656626701355,793,71.08755826950073,793,73.32153606414795,793,74.39638543128967,793,75.25902056694031,792,77.35452508926392,792,77.96102786064148,792,78.697030544281,792,80.0421736240387,792,83.88741111755371,792,84.75344610214233,792,85.54779314994812,792,87.24665641784668,792,88.05959582328796,792,91.11857843399048,792,91.83717918395996,792,93.88752293586731,792,95.21182632446289,792,95.73674297332764,792,97.53933024406433,792,98.32745027542114,792,104.52541422843933,792,105.27771258354187,792,106.32175374031067,792,107.9224636554718,792,109.23528933525085,792,110.96968054771423,792,111.76355648040771,792,112.43283987045288,792,113.89900350570679,792,114.44658827781677,792,115.04222321510315,792,116.28781199455261,792,116.8661949634552,792,117.85785174369812,792,119.37570762634277,792,120.95600509643555,792,121.47121858596802,792,122.9050440788269,792,125.02772259712219,792,125.61065626144409,792,126.60784077644348,792,129.7186348438263,792,131.2024495601654,792,133.26697754859924,792,135.38482570648193,792,136.60499477386475,792,138.10663652420044,791,138.93071699142456,791,139.44909834861755,791,140.45764112472534,791,141.0646641254425,791,141.88694190979004,791,143.70769715309143,789,145.94950771331787,789,146.51200890541077,789,147.87835097312927,788,149.1378412246704,788,150.71429586410522,788,152.8552861213684,788,153.51400184631348,788,154.90657091140747,788,155.4667603969574,788,156.0436589717865,788,157.47460341453552,788,158.9524257183075,788,160.3214190006256,788,161.27752900123596,788,163.08708024024963,788,164.8449809551239,788,165.66863679885864,788,166.3423376083374,788,167.6186227798462,788,168.22993779182434,788,170.85763430595398,788,171.78962540626526,788,172.7303442955017,788,173.58590459823608,788,175.15059876441956,787,176.02928471565247,787,177.59642434120178,785,179.31464791297913,785,180.0453565120697,785,180.6324543952942,785,181.97880125045776,785,182.65747714042664,785,184.24393439292908,785,184.93338418006897,785,187.25382161140442,785,187.8279287815094,785,188.4638066291809,785,189.43057203292847,785,190.1054162979126,785,190.7029993534088,785,191.86985301971436,784,192.54204559326172,784,193.87937903404236,784,195.14989519119263,784,195.95418763160706,784,196.9029369354248,784,197.57956171035767,784,199.61363625526428,784,201.87496662139893,784,203.7338798046112,784,204.52047634124756,784,205.12177443504333,784,206.46773862838745,784,208.1865873336792,784,209.47680473327637,784,210.37606525421143,784,212.2102165222168,784,212.93415093421936,784,216.01282453536987,784,216.69112420082092,784,217.31767082214355,784,218.71562361717224,784,219.5763499736786,784,220.16791319847107,784,231.59201645851135,784,233.45265245437622,784,234.1268653869629,784,234.80940198898315,784,239.84692287445068,784,240.42046689987183,784,240.93060684204102,784,241.77857184410095,784,243.34939646720886,784,243.96481776237488,784,245.91846680641174,784,246.55069780349731,784,247.09672141075134,784,248.30584263801575,784,249.88226413726807,784,251.70621705055237,784,252.5613033771515,784,253.21555614471436,784,254.08382081985474,784,254.736186504364,784,255.3691954612732,784,257.3633379936218,784,258.69496607780457,784,259.2898054122925,784,259.8607792854309,784,261.3519787788391,784,263.0806612968445,784,263.74476170539856,784,264.4628150463104,783,265.63474917411804,783,266.53689908981323,783,267.14984107017517,783,267.8612639904022,783,268.5510311126709,783,269.0643253326416,783,271.7225868701935,783,274.0357143878937,783,274.66025257110596,783,276.5089056491852,783,277.2190911769867,783,279.24972581863403,783,280.55915927886963,783,282.409206867218,783,283.1822302341461,783,284.4327871799469,783,285.1247184276581,783,285.69982862472534,783,287.44475054740906,783,288.1816191673279,783,290.72319173812866,783,293.1396391391754,783,294.5741722583771,783,295.13940024375916,783,295.7077865600586,783,296.4550859928131,783,297.05918073654175,783,297.7757375240326,783,300.15103006362915
3,random graphs/triangle/r1.5k24n16/graph3.lgbin,7400,250.09963703155518,756,1682,0,1364,3.0590431690216064,1131,5.690661668777466,995,7.15900731086731,945,8.301231861114502,922,9.72573184967041,865,10.937799453735352,841,12.487940311431885,826,13.24503231048584,815,14.34581446647644,814,15.063417911529541,813,15.652200937271118,808,16.236473083496094,807,17.418142557144165,800,18.07997727394104,800,18.639221906661987,799,19.369281768798828,799,20.235379934310913,796,20.948774814605713,795,21.670607805252075,793,22.398117542266846,792,23.075978994369507,792,23.85417652130127,788,24.53083109855652,783,25.189173936843872,781,25.875356912612915,781,27.069217920303345,781,27.754504442214966,777,29.40467143058777,775,29.990172863006592,774,30.67597198486328,772,31.508713006973267,769,32.237292528152466,767,32.878538370132446,763,33.71976923942566,763,34.309617042541504,762,34.921454668045044,762,35.47513127326965,762,36.08425307273865,762,36.58335852622986,762,37.31036829948425,762,38.84900784492493,762,39.36843490600586,762,39.95736241340637,762,40.53051543235779,762,41.14332032203674,762,41.660016775131226,762,43.26160931587219,762,44.25935125350952,762,44.86677289009094,762,45.54746222496033,762,46.8837890625,761,47.910518169403076,760,49.03011155128479,760,49.682945728302,758,50.32737970352173,756,51.06926083564758,756,51.82017135620117,756,52.469900369644165,756,53.079474210739136,756,53.692625284194946,756,54.29154348373413,756,54.803003549575806,756,55.32345008850098,756,55.99105429649353,756,56.54639005661011,756,57.371506690979004,756,57.95258378982544,756,59.7231285572052,756,60.37057089805603,756,60.99171829223633,756,63.17332124710083,756,65.18648743629456,756,65.79534435272217,756,66.37916779518127,756,67.18576407432556,756,67.78704023361206,756,68.3443672657013,756,69.98721933364868,756,70.75459480285645,756,71.36147785186768,756,71.8825831413269,756,72.60665512084961,756,73.25950360298157,756,73.79180312156677,756,74.47680926322937,756,75.51272749900818,756,76.07706594467163,756,77.06599879264832,756,77.57672953605652,756,78.32440567016602,756,78.98057723045349,756,79.57535076141357,756,80.14759087562561,756,80.64539337158203,756,81.52660179138184,756,82.08087372779846,756,82.89767217636108,756,83.50610494613647,756,84.07626700401306,756,84.80996823310852,756,85.35380554199219,756,87.23532724380493,756,87.84113192558289,756,88.58319902420044,756,89.21576452255249,756,90.59730577468872,756,91.18597769737244,756,91.82579517364502,756,92.36477017402649,756,93.18862271308899,756,93.8445291519165,756,94.37801432609558,756,95.63423871994019,756,96.40352630615234,756,96.91003847122192,756,97.44240212440491,756,98.00996398925781,756,98.60054564476013,756,99.30811095237732,756,100.16964530944824,756,100.69542455673218,756,101.2875189781189,756,102.01653742790222,756,102.58761548995972,756,103.29096007347107,756,103.83243227005005,756,104.38434600830078,756,105.11123847961426,756,105.638596534729,756,106.28852772712708,756,106.93009805679321,756,107.47885823249817,756,108.07364463806152,756,108.6706109046936,756,110.02094054222107,756,110.58548593521118,756,111.67011213302612,756,112.27235293388367,756,113.09573125839233,756,113.83917284011841,756,115.36260271072388,756,115.87213683128357,756,117.69608473777771,756,118.23378372192383,756,119.06052875518799,756,119.63673138618469,756,120.19239139556885,756,120.73431777954102,756,121.35932302474976,756,121.99489760398865,756,122.5392096042633,756,123.2441897392273,756,123.87456893920898,756,124.50969362258911,756,125.08622479438782,756,126.7036943435669,756,127.40349841117859,756,128.0836217403412,756,128.8714485168457,756,129.43557286262512,756,130.56394791603088,756,131.3330090045929,756,131.8747227191925,756,132.5395064353943,756,133.1682312488556,756,133.8429892063141,756,134.76849341392517,756,135.37599349021912,756,136.0080907344818,756,136.864844083786,756,137.41085076332092,756,137.99677658081055,756,138.70145082473755,756,139.52057814598083,756,140.1203875541687,756,140.7163646221161,756,141.28640151023865,756,142.06704115867615,756,142.66101050376892,756,143.27915477752686,756,144.27651858329773,756,144.87721228599548,756,145.54522562026978,756,146.10463953018188,756,146.66245031356812,756,147.25050258636475,756,147.82431817054749,756,148.44323873519897,756,149.09274196624756,756,149.69814085960388,756,150.26402497291565,756,151.19559168815613,756,151.89957976341248,756,152.6636917591095,756,153.28975176811218,756,153.87921166419983,756,154.52675437927246,756,155.0575635433197,756,155.6520221233368,756,156.2258801460266,756,157.01665782928467,756,157.6253731250763,756,158.1793191432953,756,158.776997089386,756,159.4406521320343,756,160.07129430770874,756,160.63699221611023,756,161.32328343391418,756,161.8618893623352,756,162.44763350486755,756,163.02965927124023,756,164.45662188529968,756,165.20309376716614,756,166.48128509521484,756,167.0777554512024,756,167.9123125076294,756,168.52316975593567,756,169.05018949508667,756,170.26609253883362,756,170.8462839126587,756,171.47347593307495,756,172.0148286819458,756,172.5593786239624,756,173.22193813323975,756,174.03236985206604,756,174.6118779182434,756,175.34796619415283,756,175.94456028938293,756,176.61238265037537,756,177.39727544784546,756,178.15210223197937,756,178.73192238807678,756,179.86108875274658,756,180.4940640926361,756,181.1204755306244,756,181.68079543113708,756,182.2892382144928,756,183.25302910804749,756,183.8232879638672,756,184.5356719493866,756,185.07093501091003,756,185.81198000907898,756,186.35648465156555,756,187.24764752388,756,187.8132472038269,756,188.3632686138153,756,189.10422110557556,756,189.6582429409027,756,190.53991770744324,756,191.11236429214478,756,191.62745356559753,756,192.1044442653656,756,193.3889079093933,756,194.59368681907654,756,195.24170470237732,756,195.80021595954895,756,196.32619285583496,756,196.88204050064087,756,197.48386669158936,756,198.09756684303284,756,198.68635535240173,756,199.36269783973694,756,200.08230304718018,756,200.7319974899292,756,201.3906524181366,756,201.99387669563293,756,202.5912446975708,756,203.65344619750977,756,204.41967010498047,756,204.93990635871887,756,206.50117683410645,756,207.06163668632507,756,207.75926518440247,756,208.6156542301178,756,209.1609444618225,756,209.7295515537262,756,210.34699892997742,756,210.90752816200256,756,212.25011825561523,756,212.84339785575867,756,213.53158617019653,756,214.27947998046875,756,215.02633452415466,756,215.7084777355194,756,216.30857133865356,756,216.81081867218018,756,217.44426107406616,756,218.08622574806213,756,218.64631533622742,756,219.11238169670105,756,219.81754231452942,756,221.9720983505249,756,222.55079054832458,756,223.31520676612854,756,223.96638298034668,756,224.54729676246643,756,225.20380210876465,756,225.76893258094788,756,226.2915759086609,756,226.81285738945007,756,227.87857341766357,756,228.53545594215393,756,229.1037404537201,756,229.77591180801392,756,230.327565908432,756,230.96189904212952,756,231.77657461166382,756,232.29022765159607,756,232.91877698898315,756,233.81048107147217,756,234.33697390556335,756,234.92249417304993,756,236.51918411254883,756,237.0430862903595,756,237.7731614112854,756,238.33905124664307,756,238.95981550216675,756,239.58715915679932,756,240.14857077598572,756,240.75602412223816,756,241.3232283592224,756,241.83888840675354,756,242.3956732749939,756,243.00246167182922,756,243.56171560287476,756,244.38350129127502,756,245.01723837852478,756,245.54413270950317,756,246.0927803516388,756,246.68264508247375,756,247.49896931648254,756,248.1826310157776,756,248.85626029968262,756,249.3870439529419,756,249.9006700515747,756,250.4078106880188,756,250.9055516719818,756,251.60486125946045,756,252.1515245437622,756,252.7312877178192,756,254.0734133720398,756,254.62419986724854,756,255.18258380889893,756,255.77335214614868,756,256.3241651058197,756,256.9299421310425,756,257.4965453147888,756,258.11941742897034,756,258.72947931289673,756,259.26867628097534,756,259.8189785480499,756,260.38199734687805,756,261.85306668281555,756,262.464323759079,756,263.0043978691101,756,263.51964259147644,756,264.1802604198456,756,264.84723925590515,756,265.4959006309509,756,266.0567526817322,756,266.60395979881287,756,267.26775217056274,756,267.9572515487671,756,268.85850715637207,756,269.392293214798,756,270.808349609375,756,271.37586188316345,756,271.90336441993713,756,272.5656371116638,756,273.12774300575256,756,275.4435980319977,756,275.9414780139923,756,276.64857006073,756,277.2971770763397,756,277.9123058319092,756,278.4908092021942,756,279.0440275669098,756,279.85273480415344,756,280.5812704563141,756,281.1136522293091,756,281.6893262863159,756,282.252019405365,756,283.3223443031311,756,283.89954710006714,756,284.6086175441742,756,285.12504625320435,756,285.8441445827484,756,286.501101732254,756,287.14129662513733,756,287.6555485725403,756,288.2441108226776,756,288.8096103668213,756,289.48719453811646,756,290.1194498538971,756,290.8204629421234,756,291.47299456596375,756,292.00094652175903,756,292.846688747406,756,293.68382573127747,756,294.25703954696655,756,294.8899109363556,756,295.5361433029175,756,296.0832951068878,756,296.6937129497528,756,297.5829303264618,756,298.1368889808655,756,298.72961473464966,756,299.371253490448,756,300.0537989139557
4,random graphs/triangle/r1.5k24n16/graph4.lgbin,7400,265.3905348777771,847,1770,0,1416,5.4276368618011475,1173,7.855210542678833,1062,9.195794343948364,983,11.057437181472778,951,12.344623565673828,920,13.142374515533447,915,14.070260047912598,910,15.457115650177002,907,16.94507145881653,897,17.6346218585968,882,18.3819100856781,876,19.49684715270996,873,20.25205373764038,872,20.935332775115967,872,22.298454999923706,872,22.95637536048889,872,23.861220121383667,872,25.219584465026855,869,26.677218437194824,861,27.26564621925354,856,28.67581009864807,855,30.000660181045532,855,31.435025215148926,855,32.730958461761475,855,34.31840920448303,855,34.96705365180969,855,35.73604464530945,855,37.090015172958374,855,38.30838346481323,855,39.608389139175415,855,40.29418420791626,855,40.92511868476868,855,41.77685785293579,855,43.13284087181091,855,43.68789720535278,855,45.20870780944824,855,47.01342272758484,855,48.262078523635864,855,49.04697251319885,855,50.41378355026245,855,51.6937952041626,855,52.61523413658142,855,53.86518120765686,855,55.52236986160278,855,56.19077467918396,855,57.41441822052002,855,58.06935143470764,855,58.944175004959106,853,60.022334814071655,851,61.384090423583984,851,62.88844394683838,851,64.21919989585876,850,65.11305236816406,850,65.7208366394043,850,67.03462839126587,850,67.59254503250122,850,68.19621682167053,850,69.53877282142639,850,70.34969854354858,850,70.97595429420471,850,71.76104474067688,850,72.39723420143127,850,73.70191550254822,850,74.91940426826477,849,76.43149757385254,849,77.00603723526001,849,78.31468915939331,849,79.33763194084167,848,81.06380271911621,848,82.44281911849976,848,83.85438084602356,848,85.22951650619507,848,86.48658013343811,848,87.73303008079529,848,89.17939400672913,848,90.46968865394592,848,91.64511680603027,848,92.88749241828918,848,93.64375948905945,848,94.67357349395752,848,95.4429759979248,848,96.63907289505005,848,97.239741563797,848,97.76342225074768,848,98.97902202606201,848,100.41907358169556,848,101.01896810531616,848,101.88415837287903,848,102.68313407897949,848,103.39896321296692,848,104.83798670768738,848,106.09974837303162,848,107.47487139701843,848,108.06574201583862,848,109.27948236465454,848,109.99545192718506,848,110.58725357055664,848,112.04639720916748,848,113.21711707115173,848,113.82646822929382,848,114.9557740688324,848,116.200918674469,848,117.00864839553833,848,118.36423563957214,848,118.96820068359375,848,119.53071475028992,848,120.95822238922119,848,122.33829998970032,848,123.72834897041321,848,124.48260951042175,848,125.71450090408325,848,127.18816494941711,848,128.56729292869568,848,129.11027073860168,848,130.53809309005737,848,131.26698088645935,848,131.82607555389404,848,132.96227741241455,848,134.5237419605255,848,135.21677494049072,848,136.07951259613037,848,137.3522880077362,848,137.98454523086548,848,139.175048828125,848,139.71299266815186,848,140.40195059776306,848,140.92726612091064,848,142.369047164917,848,143.10475206375122,848,143.66978454589844,848,144.89581775665283,848,146.20938277244568,848,147.54166984558105,848,148.80102276802063,848,149.40286684036255,848,150.28051495552063,848,151.41928553581238,847,152.78367042541504,847,153.9713430404663,847,154.50405550003052,847,155.79436206817627,847,157.1445450782776,847,158.41607427597046,847,159.772869348526,847,161.1269359588623,847,162.3445496559143,847,163.5388412475586,847,164.63871431350708,847,166.02613592147827,847,167.47327733039856,847,168.5119206905365,847,169.21523666381836,847,169.94056630134583,847,170.7758083343506,847,171.9537432193756,847,172.75472569465637,847,174.16726541519165,847,174.82638788223267,847,175.3632891178131,847,175.9764425754547,847,177.2336299419403,847,178.72491979599,847,179.97278213500977,847,181.43101167678833,847,182.62986731529236,847,184.52171325683594,847,185.314058303833,847,186.6046004295349,847,188.03788590431213,847,189.24984407424927,847,189.93057703971863,847,191.39083576202393,847,192.1255373954773,847,193.34765696525574,847,194.79292702674866,847,195.519873380661,847,196.34401202201843,847,197.36502957344055,847,198.48653388023376,847,199.67006373405457,847,201.09673476219177,847,202.3805809020996,847,203.5988416671753,847,204.93635082244873,847,205.4595983028412,847,206.35643029212952,847,207.58293294906616,847,208.22607374191284,847,210.04436612129211,847,210.69639778137207,847,212.0270917415619,847,212.653559923172,847,213.8202669620514,847,214.6702938079834,847,215.26504802703857,847,216.40076065063477,847,217.9828543663025,847,219.38813161849976,847,220.50807976722717,847,221.13302755355835,847,221.72392225265503,847,223.06082940101624,847,223.6134159564972,847,225.18059873580933,847,225.7728877067566,847,226.9187638759613,847,227.49641728401184,847,228.7525236606598,847,230.19424891471863,847,230.91969418525696,847,231.49303650856018,847,232.81684184074402,847,233.5730128288269,847,234.77300715446472,847,236.02157282829285,847,236.5357370376587,847,238.05499744415283,847,239.18423414230347,847,239.92878770828247,847,240.63135027885437,847,241.21841669082642,847,242.55993795394897,847,243.85582542419434,847,245.04347014427185,847,246.43591403961182,847,247.2663791179657,847,247.8875229358673,847,248.71854853630066,847,249.25417065620422,847,250.44631361961365,847,251.75311970710754,847,252.86474537849426,847,253.43395900726318,847,254.76541829109192,847,256.7604110240936,847,257.9623565673828,847,258.6890151500702,847,259.88463830947876,847,261.11238288879395,847,262.23649549484253,847,263.32869696617126,847,264.7377362251282,847,266.04912781715393,847,267.2982964515686,847,268.44315338134766,847,268.96657848358154,847,269.5382807254791,847,270.06316566467285,847,270.7131836414337,847,271.93463587760925,847,273.2550849914551,847,273.98167395591736,847,274.88432264328003,847,275.5555372238159,847,276.80872559547424,847,278.172155380249,847,278.8581659793854,847,279.48763608932495,847,280.93304777145386,847,281.61026263237,847,282.44637966156006,847,283.3631284236908,847,284.58906984329224,847,285.172874212265,847,285.80107164382935,847,287.02488112449646,847,288.4351649284363,847,290.004967212677,847,290.8866591453552,847,291.4660940170288,847,292.7141227722168,847,293.9127368927002,847,294.54855394363403,847,295.6746492385864,847,297.62758350372314,847,298.9242844581604,847,299.69751024246216,847,300.12737226486206
0,random graphs/triangle/r1.5k24n16/graph0.lgbin,5718,232.58711099624634,798,1739,0,1495,1.3789856433868408,1258,2.7203004360198975,1156,3.2639877796173096,1057,3.935356855392456,1003,5.084590911865234,968,6.713595867156982,958,7.6249566078186035,939,8.201694250106812,926,8.942729949951172,897,9.656265020370483,892,10.225938320159912,886,10.85565185546875,876,11.829866647720337,863,12.417614459991455,856,12.909275770187378,848,13.438068389892578,842,14.404959201812744,838,15.026349067687988,835,15.998968124389648,832,16.81378936767578,831,17.442803382873535,831,17.880662441253662,829,18.468130588531494,829,18.993051767349243,829,19.49311923980713,829,19.957255601882935,829,20.644903421401978,829,21.162649154663086,829,21.634544372558594,829,22.139179468154907,829,22.576955795288086,829,23.187428951263428,829,23.85282254219055,829,24.310712575912476,829,24.784000396728516,829,25.32062578201294,829,25.825583696365356,829,26.32419753074646,829,26.799259424209595,829,27.528113842010498,829,28.208181619644165,829,28.688467502593994,829,29.165480613708496,829,29.640071630477905,829,30.83829951286316,829,31.319427013397217,829,32.022096395492554,829,32.50366544723511,829,32.98076128959656,829,33.551589250564575,829,34.0890748500824,829,34.574657917022705,829,35.1030056476593,829,35.71837592124939,829,36.33563566207886,829,36.84234380722046,829,37.34857797622681,829,37.79312610626221,829,38.27247405052185,829,38.774178981781006,829,39.25917887687683,829,39.798412799835205,829,40.368326902389526,829,40.852031230926514,829,41.36793518066406,829,41.9623601436615,829,42.40261173248291,829,42.85011863708496,829,43.340256214141846,829,43.83602738380432,829,44.370089292526245,829,44.857415199279785,829,45.54475450515747,829,46.16243648529053,829,46.674898862838745,829,47.11963176727295,829,47.57635021209717,829,48.06657695770264,829,48.51092076301575,829,48.99597525596619,829,49.46389627456665,829,50.10876274108887,829,50.82255935668945,829,51.472551584243774,829,51.94102120399475,829,52.42284941673279,829,52.92244076728821,829,53.375593423843384,829,53.85011076927185,829,54.33558130264282,821,54.89395213127136,819,55.739689350128174,815,56.655800104141235,812,57.14247989654541,809,57.731820821762085,809,59.21631646156311,809,59.82622241973877,809,60.42787456512451,809,60.990708351135254,809,61.468968868255615,803,62.601439237594604,802,63.068570375442505,802,63.68539214134216,802,64.16803574562073,800,64.83707404136658,799,65.4532516002655,799,65.91023206710815,799,66.39419794082642,799,66.88230562210083,799,67.39820432662964,799,67.95326662063599,799,68.3946590423584,799,68.87174797058105,799,69.34184789657593,799,69.83578610420227,799,70.51149272918701,799,70.99086666107178,798,71.52319073677063,798,71.9776964187622,798,72.44998621940613,798,72.94623184204102,798,73.40359687805176,798,73.86000227928162,798,74.40785241127014,798,75.03381943702698,798,75.4967405796051,798,75.96587681770325,798,76.60354781150818,798,77.26716303825378,798,77.93575167655945,798,78.40699505805969,798,78.89209794998169,798,79.60871601104736,798,80.09810614585876,798,80.58667039871216,798,81.0948736667633,798,81.55089092254639,798,82.00637769699097,798,82.4584903717041,798,82.94295573234558,798,83.42050695419312,798,83.98298478126526,798,84.6268355846405,798,85.13342809677124,798,85.6870596408844,798,86.17929220199585,798,86.68353748321533,798,87.17399454116821,798,87.86688232421875,798,88.36429405212402,798,88.9525740146637,798,89.47389793395996,798,90.92311978340149,798,91.39953970909119,798,91.87934374809265,798,92.42581582069397,798,93.78690505027771,798,94.36829710006714,798,94.91174173355103,798,95.37067365646362,798,95.78606748580933,798,96.44310283660889,798,96.90866541862488,798,97.55434346199036,798,98.0338385105133,798,98.50283813476562,798,98.94340419769287,798,99.39173126220703,798,99.87407398223877,798,100.29743194580078,798,100.74960827827454,798,101.19678497314453,798,101.71489119529724,798,102.25902509689331,798,102.73846101760864,798,103.32703065872192,798,103.81721067428589,798,104.40749096870422,798,105.62786555290222,798,106.0747652053833,798,106.61874222755432,798,107.14036417007446,798,107.59698581695557,798,108.1794946193695,798,108.70824456214905,798,109.1639883518219,798,109.6782705783844,798,110.15804243087769,798,110.6289496421814,798,111.08602809906006,798,111.54944562911987,798,112.01205134391785,798,112.65868663787842,798,113.2746353149414,798,113.70694422721863,798,114.16770195960999,798,114.63110566139221,798,115.90690612792969,798,116.38749241828918,798,116.9169008731842,798,117.38085556030273,798,117.8334264755249,798,118.40458679199219,798,118.86166167259216,798,119.37904191017151,798,119.86949968338013,798,120.3478376865387,798,120.90714144706726,798,121.3962972164154,798,121.85883259773254,798,122.33431720733643,798,123.03224802017212,798,123.69880390167236,798,124.19768929481506,798,124.66835689544678,798,125.12488889694214,798,125.57116174697876,798,126.00830149650574,798,126.45898532867432,798,126.95099782943726,798,127.43640041351318,798,127.88689637184143,798,128.35942101478577,798,128.82164764404297,798,129.28196811676025,798,129.73252129554749,798,130.2090129852295,798,130.71027636528015,798,131.19754695892334,798,131.67743945121765,798,132.143648147583,798,132.58099818229675,798,133.05292797088623,798,133.56212210655212,798,134.04351997375488,798,134.7150046825409,798,135.34038662910461,798,135.75902843475342,798,136.2385275363922,798,136.73126482963562,798,137.17383289337158,798,137.6406660079956,798,138.13718175888062,798,138.59931802749634,798,139.05327558517456,798,139.56034994125366,798,140.02028131484985,798,140.50073790550232,798,140.95883512496948,798,141.4858319759369,798,141.96674013137817,798,142.48356246948242,798,142.9232475757599,798,143.36280846595764,798,144.63296222686768,798,145.1230823993683,798,145.60074996948242,798,146.12294697761536,798,147.1993441581726,798,147.67399787902832,798,148.32850694656372,798,148.79810643196106,798,149.3373441696167,798,149.81345176696777,798,150.28314089775085,798,150.75213479995728,798,151.21807503700256,798,151.6984508037567,798,152.1984806060791,798,152.6398766040802,798,153.25364351272583,798,153.74285364151,798,154.28965139389038,798,154.78960704803467,798,155.4686996936798,798,155.9402186870575,798,156.94741201400757,798,157.3913278579712,798,157.87094593048096,798,158.38311648368835,798,158.84958744049072,798,159.31200313568115,798,159.81025171279907,798,160.29533314704895,798,160.7421190738678,798,161.19325304031372,798,161.746413230896,798,162.23575401306152,798,162.7042214870453,798,163.21279120445251,798,163.70094776153564,798,164.21831703186035,798,164.8665590286255,798,165.49415850639343,798,166.13604092597961,798,166.62561202049255,798,167.08865332603455,798,167.61136889457703,798,168.05563020706177,798,168.5435972213745,798,169.06242060661316,798,169.56007504463196,798,170.03871631622314,798,170.64874482154846,798,171.16951704025269,798,171.64133191108704,798,172.08903908729553,798,172.53582906723022,798,173.0697045326233,798,173.57672810554504,798,174.09526920318604,798,174.5511212348938,798,175.03080987930298,798,175.50337052345276,798,176.00441813468933,798,176.46224308013916,798,176.93123197555542,798,177.35891127586365,798,177.84864330291748,798,178.30481839179993,798,179.36398720741272,798,179.86857271194458,798,180.42693305015564,798,180.92096400260925,798,182.22912788391113,798,182.78411030769348,798,183.2740821838379,798,183.82394814491272,798,184.29650044441223,798,185.27832508087158,798,185.878972530365,798,186.88294959068298,798,187.40655064582825,798,188.1231791973114,798,188.61661958694458,798,189.1112995147705,798,189.59630417823792,798,190.06777048110962,798,190.5309543609619,798,191.14876914024353,798,191.5917649269104,798,192.55317902565002,798,192.98450016975403,798,193.49836468696594,798,193.96736335754395,798,194.4139437675476,798,195.86967730522156,798,196.49720668792725,798,197.16485714912415,798,197.6018087863922,798,198.07923913002014,798,198.57070517539978,798,199.1714904308319,798,199.76731157302856,798,200.25084233283997,798,200.73195481300354,798,201.26645874977112,798,202.6913332939148,798,203.17681741714478,798,203.6689417362213,798,204.17790985107422,798,204.80548095703125,798,205.22928023338318,798,205.65888786315918,798,206.14897394180298,798,207.1999704837799,798,207.6728036403656,798,208.14081859588623,798,208.6273274421692,798,209.080748796463,798,209.5723865032196,798,210.02541518211365,798,210.50732111930847,798,210.96015691757202,798,211.44097995758057,798,214.18232321739197,798,215.2891490459442,798,215.77299523353577,798,216.2325804233551,798,216.7216293811798,798,217.19344544410706,798,217.66564559936523,798,218.21486949920654,798,219.7060010433197,798,220.21661949157715,798,220.84585165977478,798,221.31296062469482,798,221.77711272239685,798,222.43416953086853,798,222.89038848876953,798,223.61235237121582,798,224.18625211715698,798,224.65590977668762,798,225.29221606254578,798,225.76738500595093,798,226.22798132896423,798,226.7157006263733,798,227.3375813961029,798,227.81303596496582,798,228.26084733009338,798,228.85748529434204,798,230.04694652557373,798,230.99272680282593,798,231.47420454025269,798,231.99395370483398,798,232.42800736427307,798,233.02548551559448,798,233.49685907363892,798,233.99012446403503,798,234.42839288711548,798,234.8993182182312,798,235.39221692085266,798,235.87833309173584,798,236.50249695777893,798,237.15509557724,798,237.83093214035034,798,238.31831240653992,798,238.80481910705566,798,239.47779870033264,798,239.96353101730347,798,240.58146119117737,798,241.1500062942505,798,241.5832371711731,798,242.04213643074036,798,242.53226161003113,798,243.0340359210968,798,243.45705389976501,798,243.92653465270996,798,244.38649034500122,798,244.8406388759613,798,245.48704838752747,798,246.89639616012573,798,247.36953496932983,798,247.83935451507568,798,248.47799563407898,798,249.00669813156128,798,249.4747748374939,798,249.95407342910767,798,250.38191390037537,798,251.07268023490906,798,251.6436185836792,798,252.0918846130371,798,252.66732120513916,798,253.13171553611755,798,253.75365114212036,798,254.23331451416016,798,254.84274888038635,798,255.43148970603943,798,255.8798542022705,798,256.4600467681885,798,256.901762008667,798,257.3288564682007,798,257.7943768501282,798,258.2139518260956,798,258.6747009754181,798,259.1134297847748,798,259.63023376464844,798,260.1239631175995,798,260.62202739715576,798,261.0618152618408,798,261.55318546295166,798,262.0150911808014,798,262.49077558517456,798,263.491605758667,798,263.94926834106445,798,264.4311661720276,798,264.9026606082916,798,266.45976877212524,798,266.90512466430664,798,267.57335138320923,798,268.04708075523376,798,268.6528732776642,798,269.1242821216583,798,269.71967935562134,798,270.40717673301697,798,270.98856472969055,798,271.45350313186646,798,272.17016100883484,798,273.33358454704285,798,273.7873659133911,798,274.2089493274689,798,274.896591424942,798,275.51678919792175,798,275.9594175815582,798,276.39182901382446,798,276.9320921897888,798,277.40260219573975,798,278.38967752456665,798,278.84173107147217,798,279.4928557872772,798,279.97428035736084,798,280.4701039791107,798,280.92190313339233,798,282.37487959861755,798,282.82600474357605,798,283.3103680610657,798,284.09169721603394,798,284.5473668575287,798,285.15773487091064,798,285.73826479911804,798,286.1815941333771,798,286.65971398353577,798,287.3505063056946,798,288.029283285141,798,288.50447964668274,798,288.9648585319519,798,289.5938985347748,798,290.0895850658417,798,290.5683603286743,798,291.08964681625366,798,291.57777404785156,798,292.04063391685486,798,292.72539806365967,798,293.19623279571533,798,293.63536167144775,798,294.0857675075531,798,294.58582305908203,798,295.2271134853363,798,295.69015550613403,798,296.27566599845886,798,296.7584853172302,798,297.492564201355,798,297.9178318977356,798,298.3426823616028,798,298.9709048271179,798,299.46975684165955,798,300.05211997032166
1,random graphs/triangle/r1.5k24n16/graph1.lgbin,5718,233.73174023628235,732,1622,0,1279,1.9302854537963867,1128,2.5228590965270996,1034,3.0468428134918213,1007,4.375561475753784,962,5.02621865272522,939,5.805574417114258,906,6.725239038467407,879,7.265251159667969,853,7.779655694961548,837,8.494479417800903,821,9.017206907272339,814,9.5027494430542,809,11.02265191078186,809,11.440131902694702,808,12.114551544189453,807,12.906390905380249,807,13.440410375595093,806,14.327041864395142,805,14.886879920959473,805,15.394612789154053,803,15.891444683074951,798,16.425881385803223,795,17.02610468864441,790,17.57367706298828,785,18.31244158744812,781,18.815791130065918,778,19.544925451278687,773,20.04388952255249,773,20.614712715148926,768,21.30728244781494,766,22.095174551010132,766,22.77950382232666,766,23.193400621414185,765,23.72489833831787,765,24.294201612472534,765,24.779404640197754,762,25.302804946899414,762,25.72222638130188,760,26.237392902374268,760,26.82874870300293,760,27.3561532497406,760,27.76629400253296,760,28.191840887069702,758,28.726542234420776,758,29.69534993171692,758,30.592750787734985,758,31.55781650543213,758,32.09520721435547,758,32.688462018966675,758,33.278448820114136,758,33.70672082901001,758,34.300119161605835,758,34.804099321365356,758,35.31219148635864,758,35.74912214279175,758,36.25829243659973,758,36.73475241661072,758,37.222211599349976,758,37.68442368507385,758,38.19780731201172,758,38.612603425979614,758,39.070472240448,758,40.04918885231018,758,40.48918151855469,758,40.94050717353821,758,41.35897636413574,758,42.27459669113159,758,42.70928597450256,758,43.16061210632324,758,43.57928156852722,757,45.806172609329224,757,46.24545216560364,755,46.78040313720703,755,47.30410552024841,755,47.74562382698059,755,48.3470413684845,755,48.77925896644592,755,49.20076084136963,755,49.6478168964386,755,50.33765387535095,755,50.919265270233154,755,51.42992806434631,755,51.87305927276611,755,52.4178466796875,755,52.901111125946045,755,53.43221116065979,751,54.7021803855896,751,55.14257216453552,751,55.592894315719604,751,56.000866651535034,751,56.47129559516907,751,57.018643379211426,751,57.430450677871704,751,58.32993793487549,751,58.86402630805969,751,59.28535199165344,749,60.12349772453308,749,60.561537742614746,749,61.104954957962036,749,61.53899621963501,749,61.99392080307007,749,62.49804401397705,749,62.88917326927185,749,63.483497619628906,749,63.9120819568634,749,64.33149528503418,749,64.73811793327332,749,65.20459246635437,749,65.60814166069031,749,66.05257201194763,749,66.44127798080444,749,66.86844801902771,749,67.41160154342651,749,67.86361122131348,749,68.28497433662415,749,68.69641065597534,749,69.27293825149536,749,69.71170496940613,749,70.33714294433594,749,70.82646918296814,749,71.40394902229309,749,71.86881470680237,749,72.38515615463257,749,72.82765173912048,749,73.23926115036011,749,73.67382478713989,749,74.13951539993286,749,74.75290656089783,749,75.25642943382263,749,76.77386951446533,749,77.33155083656311,749,77.91071629524231,749,79.39440727233887,749,79.8259449005127,749,80.29440021514893,749,80.91798210144043,749,81.34699177742004,749,82.00356340408325,749,82.46206545829773,749,82.87809896469116,749,83.49881076812744,749,83.98561835289001,749,84.48174476623535,749,84.92504405975342,749,85.3732225894928,749,85.83166980743408,749,86.24730849266052,749,86.69939684867859,749,87.13192629814148,749,87.56121921539307,749,88.00113320350647,749,88.41244196891785,749,88.9329001903534,749,89.48013687133789,749,90.01595640182495,749,90.4456079006195,749,91.49239587783813,749,92.03841590881348,749,92.50513243675232,749,93.05445599555969,749,93.61194658279419,749,94.04783129692078,749,94.64656639099121,749,95.41794109344482,749,95.9119246006012,749,96.3630952835083,749,96.79234719276428,749,97.19287490844727,749,97.73153495788574,749,99.14901423454285,749,99.6372606754303,749,100.09170746803284,749,100.65011548995972,749,101.10135674476624,749,101.53578734397888,749,103.03247213363647,749,103.51269960403442,749,104.11167907714844,748,104.64007043838501,748,105.19155406951904,743,105.82197594642639,741,106.31592297554016,741,106.73439526557922,741,107.22018885612488,740,107.75998330116272,740,108.32883477210999,739,110.57200384140015,737,111.12610745429993,737,111.60086369514465,733,112.40143990516663,733,112.86199378967285,733,113.27187919616699,733,113.69121313095093,733,114.13874435424805,733,114.67702388763428,733,115.08262205123901,733,115.58190941810608,733,115.98029661178589,733,116.53744411468506,733,116.95350813865662,733,117.49298620223999,733,118.08653235435486,733,118.99910759925842,732,119.53145909309387,732,119.95055556297302,732,120.3740086555481,732,120.98026371002197,732,121.52789258956909,732,121.9403235912323,732,122.46544408798218,732,123.09762692451477,732,123.53788924217224,732,123.95892858505249,732,124.91461324691772,732,125.5536572933197,732,126.02252006530762,732,126.44487047195435,732,127.73791265487671,732,128.1694712638855,732,128.72732400894165,732,129.27601838111877,732,129.80036520957947,732,131.13780641555786,732,131.69116282463074,732,132.18279361724854,732,132.72341179847717,732,133.28982949256897,732,133.83968949317932,732,134.3342728614807,732,134.86440253257751,732,135.3170461654663,732,135.77025032043457,732,136.25877618789673,732,136.80113005638123,732,137.3509967327118,732,137.94041562080383,732,138.47236800193787,732,138.9890263080597,732,139.4359176158905,732,140.12994503974915,732,140.57503700256348,732,141.10656571388245,732,141.6891348361969,732,142.13768362998962,732,142.56506729125977,732,143.0357003211975,732,143.46611380577087,732,143.91650366783142,732,144.3042595386505,732,144.84009790420532,732,145.4986925125122,732,145.91538500785828,732,148.60969614982605,732,149.06972217559814,732,149.70423865318298,732,150.21467781066895,732,150.81871008872986,732,151.2714819908142,732,151.77959823608398,732,152.31420230865479,732,152.8912091255188,732,153.324538230896,732,153.78673386573792,732,154.2094211578369,732,154.6158938407898,732,155.068838596344,732,155.4985704421997,732,156.79942202568054,732,157.25891613960266,732,157.69753074645996,732,159.10133004188538,732,159.55546236038208,732,159.9835021495819,732,160.3971037864685,732,160.85199427604675,732,161.45556831359863,732,161.88782954216003,732,162.44230961799622,732,162.87408328056335,732,163.41519784927368,732,163.8444447517395,732,164.38604879379272,732,164.91106700897217,732,165.47780013084412,732,165.90515446662903,732,166.43417048454285,732,166.97388672828674,732,167.50160217285156,732,167.92905497550964,732,168.3756651878357,732,168.86890292167664,732,169.27205395698547,732,169.82996320724487,732,170.26021933555603,732,170.66919136047363,732,171.09161067008972,732,171.51692867279053,732,171.93119740486145,732,172.3406434059143,732,172.7600817680359,732,173.20371508598328,732,173.76558470726013,732,174.2749948501587,732,174.70994639396667,732,175.11116337776184,732,175.50945830345154,732,176.0616250038147,732,176.48245763778687,732,176.96599888801575,732,177.48596262931824,732,178.20272135734558,732,178.71692776679993,732,179.79454612731934,732,180.60383343696594,732,180.99758958816528,732,181.42209148406982,732,181.8928701877594,732,182.3432319164276,732,182.87012696266174,732,183.32858395576477,732,183.7362608909607,732,184.24202823638916,732,184.6740825176239,732,185.08775758743286,732,185.58271288871765,732,186.07910895347595,732,186.49028754234314,732,186.93380284309387,732,187.42803239822388,732,187.8796570301056,732,188.48198318481445,732,189.01774263381958,732,189.4761266708374,732,189.9900164604187,732,190.65989422798157,732,191.10261917114258,732,191.5099310874939,732,192.11274337768555,732,192.65524458885193,732,193.11619687080383,732,193.68356108665466,732,194.18532633781433,732,194.6037790775299,732,195.04764127731323,732,195.51506567001343,732,195.94449758529663,732,196.6283564567566,732,197.17033195495605,732,197.68621587753296,732,198.0995156764984,732,198.59343886375427,732,199.0005748271942,732,199.4468433856964,732,199.88170790672302,732,200.40467166900635,732,200.81469106674194,732,201.2632176876068,732,202.11910963058472,732,202.61706066131592,732,203.0553047657013,732,203.4772846698761,732,203.95687818527222,732,204.38395237922668,732,204.80420422554016,732,205.37203288078308,732,205.93341779708862,732,206.36360359191895,732,206.80240273475647,732,207.74193143844604,732,208.170068025589,732,208.61599683761597,732,209.04073858261108,732,209.48865747451782,732,210.10623955726624,732,210.5558054447174,732,211.10134172439575,732,212.184330701828,732,212.73843598365784,732,213.39153242111206,732,214.26423859596252,732,214.7280237674713,732,215.26919960975647,732,215.92492270469666,732,216.36076664924622,732,216.81262040138245,732,217.23121547698975,732,217.82173037528992,732,218.2173638343811,732,218.7880129814148,732,219.3667860031128,732,219.8919951915741,732,220.3230378627777,732,220.74613451957703,732,221.16439628601074,732,221.6897292137146,732,222.20322060585022,732,222.65676498413086,732,223.81476497650146,732,224.243328332901,732,224.72352766990662,732,225.35639715194702,732,225.86628794670105,732,226.3622283935547,732,226.95651698112488,732,227.44757342338562,732,227.9366090297699,732,228.47993445396423,732,229.0128309726715,732,229.54953050613403,732,229.96986937522888,732,230.55095553398132,732,231.22659730911255,732,231.7821168899536,732,232.19482159614563,732,232.71614503860474,732,233.15755939483643,732,234.08440279960632,732,234.67345547676086,732,235.3168179988861,732,235.9553689956665,732,236.5308473110199,732,237.10255765914917,732,237.5513072013855,732,238.17167282104492,732,238.76495504379272,732,239.227397441864,732,239.79103827476501,732,240.35140109062195,732,240.88115882873535,732,241.3483738899231,732,241.84961795806885,732,242.4659287929535,732,242.91024494171143,732,243.3649218082428,732,243.81076383590698,732,244.32264304161072,732,244.86201882362366,732,245.4549059867859,732,246.01818251609802,732,246.46117067337036,732,246.9993064403534,732,247.54235291481018,732,248.0441930294037,732,248.64616632461548,732,249.08132672309875,732,249.61065077781677,732,250.15875577926636,732,250.76471042633057,732,251.37380242347717,732,251.8461925983429,732,252.51461362838745,732,253.0348720550537,732,253.6496021747589,732,254.2468364238739,732,254.82583093643188,732,255.27100276947021,732,255.69433116912842,732,256.2177941799164,732,256.77379608154297,732,257.3495583534241,732,257.7734360694885,732,258.17206954956055,732,258.59908723831177,732,259.14097690582275,732,260.5426776409149,732,261.8824791908264,732,262.33983159065247,732,262.7406232357025,732,263.21300411224365,732,263.63889479637146,732,264.24071168899536,732,264.6630961894989,732,265.0892457962036,732,265.9329037666321,732,266.3803105354309,732,266.9459819793701,732,267.4780423641205,732,267.90599274635315,732,268.51976108551025,732,269.00900626182556,732,269.5385401248932,732,270.0047438144684,732,270.5803008079529,732,271.0174775123596,732,271.96225214004517,732,272.5232343673706,732,273.0291087627411,732,273.56558442115784,732,274.14511919021606,732,274.57910442352295,732,275.03738951683044,732,275.4262981414795,732,275.9291365146637,732,276.3590223789215,732,276.9056258201599,732,277.4993004798889,732,277.9350759983063,732,278.56499218940735,732,278.99047923088074,732,279.42545652389526,732,279.856285572052,732,280.40688705444336,732,280.9525992870331,732,281.99683475494385,732,282.5995955467224,732,283.03005838394165,732,283.5821990966797,732,284.0014753341675,732,284.5394699573517,732,284.9533488750458,732,285.4156038761139,732,285.82789635658264,732,286.2818810939789,732,286.7349970340729,732,287.3766655921936,732,287.9506514072418,732,288.5287117958069,732,289.07606959342957,732,289.6046633720398,732,290.23471236228943,732,290.8158051967621,732,291.2577188014984,732,291.7515392303467,732,292.15828013420105,732,292.67689323425293,732,293.1090202331543,732,293.6501009464264,732,294.1667859554291,732,294.65134930610657,732,295.1751186847687,732,295.57798075675964,732,296.1142065525055,732,296.6891806125641,732,297.30858612060547,732,297.74393248558044,732,298.2795674800873,732,298.85355973243713,732,299.46847915649414,732,300.1283800601959
2,random graphs/triangle/r1.5k24n16/graph2.lgbin,5718,239.39435148239136,771,1672,0,1347,12.224894285202026,1186,13.48207426071167,1088,14.256442070007324,997,15.289179801940918,962,16.027194023132324,939,16.641511917114258,921,17.469337940216064,913,18.42569589614868,907,19.118870735168457,902,21.790001153945923,887,22.787303924560547,871,23.893731117248535,856,24.598908185958862,841,25.304952144622803,834,25.855587482452393,833,26.3501193523407,833,26.82631492614746,829,28.05942463874817,823,28.600268840789795,822,29.679990768432617,820,30.229883432388306,820,30.707109689712524,818,31.259954690933228,818,31.79018998146057,818,32.392717599868774,818,33.00267577171326,818,33.50618815422058,818,33.936209201812744,818,34.48042345046997,816,35.06690430641174,812,35.73362445831299,808,36.437193870544434,807,36.99930238723755,804,37.41777753829956,801,38.08582901954651,798,38.74929070472717,797,39.35548377037048,796,39.95477533340454,792,40.4830527305603,792,40.96241331100464,791,41.514145851135254,791,42.12693119049072,791,42.583377838134766,791,43.06339693069458,791,44.10291910171509,791,44.5792510509491,790,45.20646905899048,790,45.812243700027466,790,46.26004719734192,790,46.78968644142151,790,47.243921995162964,790,47.76552104949951,789,48.39440894126892,789,48.855698347091675,789,49.384554862976074,789,50.01716470718384,789,50.569445848464966,788,51.10983872413635,788,54.104830741882324,787,54.645106077194214,786,55.30533576011658,786,55.776962995529175,786,56.32843017578125,785,57.08969569206238,785,57.59578895568848,785,58.061633825302124,784,58.637529373168945,783,59.19138193130493,783,59.63087725639343,783,60.09038305282593,783,60.577975034713745,783,61.04368257522583,783,61.51851463317871,783,62.00041842460632,783,62.63561749458313,783,63.11582541465759,783,63.606130838394165,783,64.20677280426025,783,64.65978145599365,783,65.09156322479248,783,65.59849786758423,783,66.56628274917603,783,67.0677318572998,783,67.54948210716248,783,68.05005621910095,783,68.62587022781372,783,69.6353747844696,783,70.18349123001099,783,70.76358079910278,783,71.24236369132996,783,71.871258020401,783,72.35518074035645,783,72.88410139083862,783,73.47162699699402,783,73.97890400886536,783,74.49614381790161,783,74.95017123222351,783,75.42574667930603,783,75.93100380897522,783,76.40981030464172,783,77.09250092506409,783,77.80378556251526,783,78.2753164768219,783,78.75403785705566,783,80.56253361701965,783,81.08184719085693,783,81.68427515029907,783,82.14294123649597,783,83.2184808254242,783,83.7075207233429,783,84.15075278282166,783,84.62266159057617,779,85.62927961349487,779,86.09497857093811,779,86.59310054779053,777,87.46248435974121,777,87.93461799621582,777,88.4947988986969,777,88.9649133682251,777,89.43913555145264,777,89.97980070114136,777,90.44341015815735,777,90.98049688339233,777,92.16412043571472,777,92.69954085350037,777,93.36584758758545,777,93.8913848400116,777,94.59949803352356,777,95.09264302253723,777,95.56483840942383,777,96.08532786369324,777,97.2327082157135,777,97.8139579296112,777,98.83179044723511,777,99.28843712806702,777,99.76879954338074,777,100.21315789222717,777,100.67521977424622,777,101.12788319587708,777,101.6065194606781,776,102.59483933448792,776,103.07190799713135,776,103.5609679222107,776,104.2626748085022,776,104.79691767692566,776,105.303053855896,776,105.94281697273254,776,106.37746477127075,776,106.8980495929718,776,107.49305582046509,776,107.93459630012512,776,108.37950778007507,776,108.84310793876648,776,109.57609844207764,775,110.15596008300781,775,110.62393021583557,775,111.17488551139832,775,111.60811448097229,775,112.07638740539551,775,112.78671264648438,775,113.27581906318665,775,113.75190162658691,775,114.38804507255554,775,115.11313366889954,775,115.59570789337158,775,116.07117938995361,775,117.20593643188477,775,117.85659861564636,775,118.58310723304749,775,119.03192186355591,775,119.4890820980072,775,120.00236177444458,775,120.47794842720032,775,121.015540599823,774,121.51699614524841,774,121.97548389434814,774,122.45400357246399,774,123.3591628074646,774,123.84429740905762,774,124.41979265213013,774,125.18668985366821,774,125.66777610778809,774,126.1781632900238,774,126.6450822353363,774,127.26622796058655,774,127.74124836921692,774,128.34668159484863,774,128.90568661689758,774,129.50163650512695,774,129.97438979148865,774,130.48349571228027,774,130.99590706825256,774,131.43296480178833,774,131.87850522994995,774,132.440185546875,774,132.93159461021423,774,133.95655465126038,774,134.49031972885132,774,135.14755082130432,774,136.21170926094055,774,136.78435897827148,774,137.22138452529907,774,137.71483254432678,774,138.25111150741577,774,138.71646118164062,774,139.2172725200653,774,139.66307067871094,774,140.32858562469482,774,140.7923505306244,774,141.26379776000977,774,141.8098340034485,774,142.25847482681274,774,142.88330841064453,774,143.87139415740967,774,144.70756721496582,774,145.16332149505615,774,145.6001284122467,774,146.09479022026062,774,146.56425547599792,774,147.77733850479126,774,148.28202199935913,774,148.76352763175964,774,149.20477676391602,774,149.6748435497284,774,150.33007335662842,774,150.77973699569702,774,151.2560806274414,774,151.72170281410217,774,152.3058340549469,774,153.05403447151184,774,153.72551679611206,774,154.19094228744507,774,154.74029636383057,774,155.20034456253052,774,155.67993021011353,774,156.63701820373535,774,157.21283411979675,774,157.88033151626587,774,158.36526012420654,774,159.08863496780396,774,159.53428626060486,774,159.99496626853943,774,160.46964263916016,774,160.94327092170715,774,161.36021780967712,774,162.00278663635254,774,162.5255310535431,774,163.01789093017578,774,163.49946808815002,774,164.2358205318451,774,165.37479519844055,774,165.89626622200012,774,166.39263916015625,774,166.97425603866577,774,167.4707155227661,774,167.92930722236633,774,168.43072366714478,774,168.86004281044006,774,169.35901355743408,774,169.86971402168274,774,170.42782306671143,774,170.8866376876831,774,171.31060028076172,774,171.7812283039093,774,172.23341178894043,774,172.68347477912903,774,173.22740483283997,774,173.84423303604126,774,174.26489210128784,774,174.75739359855652,774,175.71794724464417,774,176.135760307312,774,176.6089220046997,774,177.10891819000244,774,177.58251643180847,774,178.02409076690674,774,178.47517776489258,774,178.97137904167175,774,179.40168929100037,774,179.9210135936737,774,180.39883399009705,774,181.48773097991943,774,182.17129850387573,774,182.71357035636902,774,183.1863706111908,774,183.62118101119995,774,184.15383577346802,774,184.64166522026062,774,185.13523054122925,774,185.64187812805176,774,186.11312174797058,774,186.59608244895935,774,187.03802633285522,774,187.53152298927307,774,188.03123474121094,774,188.51436114311218,774,189.1649889945984,774,190.23805594444275,774,190.75393104553223,774,191.25870966911316,774,191.6927936077118,774,192.17295098304749,774,192.69137501716614,774,193.167085647583,774,193.66190814971924,774,194.16768956184387,774,194.60539603233337,774,195.04751324653625,774,195.7761526107788,774,196.25509881973267,774,196.78542685508728,774,197.25785279273987,774,197.68832874298096,774,198.15821051597595,774,198.63237357139587,774,199.11441922187805,774,199.5986988544464,774,200.06986260414124,774,200.54472994804382,774,201.058691740036,774,201.50220346450806,772,202.1841175556183,772,202.6821460723877,771,205.32023453712463,771,205.7708830833435,771,206.25492906570435,771,206.9584095478058,771,207.41828870773315,771,207.99683332443237,771,208.4434459209442,771,208.98236513137817,771,209.45352029800415,771,209.908282995224,771,210.33371305465698,771,211.364590883255,771,211.83064723014832,771,212.3341944217682,771,212.78911066055298,771,213.3441071510315,771,214.13010716438293,771,214.60357785224915,771,215.04471826553345,771,215.5451328754425,771,216.58330917358398,771,217.04892301559448,771,217.62821793556213,771,218.09865951538086,771,218.55741810798645,771,219.02670407295227,771,219.47762155532837,771,219.93432426452637,771,220.39256405830383,771,221.27107691764832,771,221.7302749156952,771,222.19392776489258,771,222.63728833198547,771,223.12314414978027,771,223.57618927955627,771,224.0785436630249,771,224.6852207183838,771,226.7829728126526,771,227.2842094898224,771,227.76186227798462,771,228.285094499588,771,228.71599316596985,771,229.18600153923035,771,229.6429467201233,771,230.08011841773987,771,230.7179753780365,771,231.18886804580688,771,232.13425016403198,771,232.60915279388428,771,233.16820216178894,771,234.14999723434448,771,234.63265466690063,771,235.13037037849426,771,235.62608194351196,771,236.1410858631134,771,236.58164739608765,771,237.1350781917572,771,237.762268781662,771,238.35229587554932,771,238.86002898216248,771,239.3572187423706,771,240.2541697025299,771,240.713613986969,771,241.2726345062256,771,241.8947901725769,771,242.48549556732178,771,242.9499363899231,771,243.5250174999237,771,243.97834086418152,771,245.04741311073303,771,245.56641006469727,771,246.32415437698364,771,246.7926254272461,771,247.27772569656372,771,247.73913502693176,771,249.06497931480408,771,249.60222387313843,771,250.07434391975403,771,250.53962659835815,771,251.08862853050232,771,251.7399365901947,771,252.22239446640015,771,252.7243173122406,771,253.18075799942017,771,253.64264249801636,771,254.22655582427979,771,254.71042394638062,771,255.15351343154907,771,255.6208837032318,771,256.112845659256,771,256.62530970573425,771,257.12048292160034,771,257.54915022850037,771,257.9960985183716,771,258.4824628829956,771,258.93250036239624,771,259.3598258495331,771,259.86148023605347,771,260.3302013874054,771,260.79957914352417,771,261.2668762207031,771,261.7669219970703,771,262.2284619808197,771,262.6668105125427,771,263.15786361694336,771,263.65539288520813,771,264.64609003067017,771,265.1081819534302,771,265.53600096702576,771,266.17196917533875,771,266.59426069259644,771,267.0684790611267,771,267.53909492492676,771,268.2222785949707,771,268.75008964538574,771,269.2352890968323,771,269.67658853530884,771,270.1218469142914,771,271.103040933609,771,271.5614981651306,771,272.03325939178467,771,272.5296723842621,771,272.977885723114,771,273.4151511192322,771,273.931184053421,771,274.4344289302826,771,275.42917823791504,771,276.0065932273865,771,276.4879789352417,771,276.9397180080414,771,277.3835039138794,771,277.9309575557709,771,278.5723526477814,771,279.0724666118622,771,280.05817890167236,771,280.7263901233673,771,281.85863518714905,771,282.3321716785431,771,282.90105080604553,771,283.33910298347473,771,283.86297369003296,771,284.3271486759186,771,284.8227047920227,771,285.41289234161377,771,286.0685148239136,771,286.5172481536865,771,286.99955534935,771,287.47999596595764,771,287.8971297740936,771,288.3327932357788,771,288.8386883735657,771,289.3848659992218,771,290.0802671909332,771,290.72746205329895,771,291.20051980018616,771,291.96875071525574,771,292.4173460006714,771,292.9015085697174,771,293.33244037628174,771,293.8529622554779,771,294.30994176864624,771,294.76818561553955,771,295.2160303592682,771,295.6501657962799,771,296.14341735839844,771,296.57443404197693,771,297.0449278354645,771,297.47377586364746,771,298.23548007011414,771,298.71577525138855,771,299.1595182418823,771,299.8173327445984,771,300.1290440559387
3,random graphs/triangle/r1.5k24n16/graph3.lgbin,5718,227.9924750328064,752,1682,0,1270,1.3830492496490479,1130,2.391488790512085,1026,2.9955251216888428,970,3.5319175720214844,953,4.559493064880371,915,5.167018175125122,894,5.772686958312988,872,6.452881336212158,861,6.958027124404907,856,8.371753692626953,826,9.0497407913208,811,9.518682479858398,803,10.081520080566406,800,10.528080224990845,795,11.030645608901978,795,11.467488765716553,793,12.035729169845581,791,13.098204374313354,786,13.710012674331665,782,14.226253032684326,780,14.644312381744385,777,15.392465829849243,775,15.990159749984741,775,16.41116237640381,775,16.885672569274902,775,17.333738088607788,774,17.86458730697632,773,18.42342495918274,772,18.868850469589233,772,19.331563234329224,772,19.75843572616577,772,20.20986771583557,772,20.709357738494873,772,21.130175352096558,772,21.53277015686035,772,21.978956699371338,772,22.405728578567505,772,22.85796594619751,772,23.35519504547119,772,23.811179161071777,772,24.26606512069702,772,24.710572957992554,772,25.136702060699463,772,25.714268684387207,772,26.18160104751587,772,26.614946365356445,772,27.093503713607788,772,27.532620191574097,772,28.10676097869873,772,28.537020444869995,770,29.06057071685791,769,29.52159023284912,768,30.01526165008545,768,30.454946041107178,768,30.881234169006348,768,31.34998393058777,768,31.90266180038452,768,32.33231544494629,768,32.74825191497803,768,33.23921012878418,768,33.90498113632202,768,34.3199348449707,768,34.805137395858765,768,35.239816188812256,768,35.70032501220703,768,36.11105537414551,768,36.52281165122986,768,36.97141981124878,768,37.416844844818115,768,37.83209013938904,768,38.23835611343384,768,38.670687437057495,768,39.09051585197449,768,39.7531898021698,768,40.34052395820618,768,40.80309343338013,768,41.21666598320007,768,41.709218978881836,768,42.1303277015686,768,42.55920076370239,768,43.13787269592285,768,43.590147495269775,768,43.99083495140076,768,44.702759981155396,768,45.13368487358093,768,45.572041511535645,768,46.009408950805664,768,46.53655505180359,768,47.00019383430481,768,47.45613121986389,768,48.025155544281006,768,48.48507213592529,768,48.917657136917114,768,49.34468913078308,768,49.75264024734497,768,50.18457221984863,768,50.62171244621277,768,51.03134226799011,768,51.46660923957825,768,51.897422313690186,768,52.33831715583801,768,52.778464794158936,768,53.233280658721924,768,53.67574214935303,768,54.69776225090027,768,55.70190191268921,768,56.16974067687988,768,56.59780263900757,768,57.19074583053589,768,58.44788217544556,768,58.84202337265015,768,59.271538496017456,768,59.72483038902283,768,60.31416606903076,768,60.80204129219055,768,61.76539921760559,768,62.20510172843933,768,62.6448609828949,768,63.05732250213623,768,63.48586583137512,768,63.93931436538696,768,64.35674953460693,768,64.79790115356445,768,65.22605991363525,768,65.64779710769653,768,66.08040022850037,768,66.497403383255,768,66.92641162872314,768,67.34983849525452,768,67.81179881095886,768,68.27840614318848,768,68.69096183776855,768,69.13838481903076,768,69.57201647758484,768,70.005295753479,768,70.59708285331726,768,71.03215217590332,768,71.49602580070496,768,71.9379050731659,768,72.35669612884521,768,72.78982782363892,768,73.23132848739624,768,73.65763092041016,768,74.05825901031494,768,74.62241244316101,768,75.06942796707153,768,75.5836112499237,768,76.06956219673157,768,76.51773691177368,766,78.00404453277588,765,78.57014489173889,761,79.08298087120056,761,79.51893401145935,761,79.94029116630554,760,80.5628297328949,760,81.01293540000916,760,81.48894810676575,760,81.94698572158813,760,82.3448269367218,760,82.75339126586914,760,83.17950439453125,760,83.61921548843384,760,84.20539736747742,760,84.5801990032196,760,85.04842185974121,760,85.48179292678833,760,85.93084907531738,760,86.32959079742432,760,86.79927468299866,760,87.263028383255,760,87.68338966369629,760,88.10670948028564,760,88.52469682693481,760,88.98888969421387,760,89.4925000667572,760,89.91331791877747,760,90.35934066772461,760,90.78331708908081,760,91.23147416114807,760,91.77474784851074,760,92.19456028938293,760,92.65426206588745,760,93.66658520698547,760,94.13574290275574,760,94.58389472961426,760,95.15934371948242,760,95.59745597839355,760,96.0428581237793,760,96.70147776603699,760,97.17296051979065,760,97.75156664848328,760,98.18677353858948,760,98.61029195785522,760,99.15144896507263,760,99.62611389160156,760,100.08607387542725,760,100.51459813117981,760,100.9484965801239,760,101.36796402931213,760,101.80788779258728,760,102.251389503479,760,102.80142116546631,760,103.19713687896729,760,103.72473740577698,760,104.18879461288452,760,104.76920962333679,760,105.4026415348053,760,106.46671652793884,760,107.64965963363647,760,108.11907005310059,760,108.56425166130066,760,109.029776096344,760,109.49327087402344,760,109.90735220909119,760,110.33351016044617,760,110.77407431602478,760,111.3492066860199,760,111.76907658576965,760,112.20166206359863,760,112.65484166145325,760,113.09369587898254,760,113.5399079322815,760,113.99008870124817,760,114.44133305549622,760,114.86302280426025,760,115.94778966903687,760,116.34868502616882,760,116.79883337020874,760,117.21173071861267,760,118.28228378295898,760,118.72569799423218,760,119.1404197216034,760,119.60096764564514,760,120.0774827003479,760,120.49710083007812,760,121.00611877441406,760,121.42364931106567,760,121.8335485458374,760,122.26318144798279,760,123.2117908000946,760,124.23041653633118,760,124.74715995788574,760,125.17733573913574,760,125.59670281410217,760,126.02742028236389,760,126.49299573898315,760,127.652836561203,760,128.5750048160553,760,128.98646569252014,760,129.44534540176392,760,129.87071895599365,760,130.29876399040222,760,130.74857640266418,760,131.72340178489685,760,132.1859097480774,760,132.62124514579773,760,133.0215985774994,760,133.4389729499817,760,133.85830926895142,760,134.31211638450623,760,134.85228633880615,760,135.3019871711731,760,135.8166058063507,760,136.2709662914276,760,136.67637944221497,760,137.10105800628662,760,137.55734038352966,760,138.0136992931366,760,138.47020149230957,760,138.90941500663757,760,139.33419394493103,760,139.81920504570007,760,140.2746398448944,760,140.69481468200684,760,141.15411162376404,760,141.62615728378296,759,142.6239972114563,759,143.06983256340027,759,143.5224108695984,758,144.65600204467773,756,145.51342511177063,755,146.03578519821167,755,146.4764277935028,755,146.91537141799927,755,147.3827302455902,754,147.91719388961792,752,148.44488954544067,752,148.89076042175293,752,149.30364871025085,752,149.75400757789612,752,150.15798044204712,752,150.57856106758118,752,151.00085830688477,752,151.44343972206116,752,151.869530916214,752,152.2967517375946,752,152.73405075073242,752,153.2260298728943,752,153.66427850723267,752,154.1092972755432,752,154.51986074447632,752,155.0033140182495,752,155.46273398399353,752,155.97815108299255,752,156.41004943847656,752,156.84752678871155,752,157.25800728797913,752,157.68595814704895,752,158.1240096092224,752,158.5590124130249,752,159.01642274856567,752,159.48107933998108,752,159.91483759880066,752,160.50053811073303,752,160.97636818885803,752,161.43154191970825,752,161.8881595134735,752,162.33360075950623,752,162.77214455604553,752,163.2100911140442,752,163.66788506507874,752,164.09478950500488,752,164.54352927207947,752,164.97268557548523,752,165.41643381118774,752,165.85993790626526,752,166.31600260734558,752,166.79824566841125,752,167.2575352191925,752,167.70638418197632,752,168.15768384933472,752,168.80746841430664,752,169.23924612998962,752,169.68115544319153,752,170.15551781654358,752,171.07089924812317,752,171.53320980072021,752,172.00015234947205,752,172.43520522117615,752,172.92531371116638,752,173.49751353263855,752,173.93522143363953,752,174.32577681541443,752,174.7906687259674,752,175.23900723457336,752,175.70173740386963,752,176.163836479187,752,176.7334861755371,752,177.20195174217224,752,177.6361870765686,752,178.08027362823486,752,178.56042551994324,752,179.01726293563843,752,179.45722484588623,752,179.87208819389343,752,180.29195857048035,752,180.73592114448547,752,181.18972873687744,752,181.84386014938354,752,182.2737009525299,752,183.12012004852295,752,184.08350706100464,752,184.50080013275146,752,184.92832779884338,752,185.3837387561798,752,185.810852766037,752,186.2264106273651,752,186.7147605419159,752,187.19938206672668,752,187.63220143318176,752,188.1153953075409,752,188.55949902534485,752,189.00234198570251,752,189.40054941177368,752,189.83166790008545,752,190.2891309261322,752,190.78898215293884,752,191.26682376861572,752,191.70554566383362,752,192.1577968597412,752,192.58077144622803,752,193.03392481803894,752,193.47235941886902,752,194.0039348602295,752,194.4384412765503,752,194.8600788116455,752,195.37438225746155,752,195.89081478118896,752,196.32136797904968,752,196.73186779022217,752,197.20973801612854,752,197.65621161460876,752,198.0923135280609,752,198.52733731269836,752,198.95194792747498,752,199.38072419166565,752,199.7882900238037,752,200.20892930030823,752,200.8174126148224,752,201.25143027305603,752,201.72455310821533,752,202.16666507720947,752,203.04852199554443,752,203.48424172401428,752,203.90462064743042,752,205.03627228736877,752,205.4595205783844,752,205.9364516735077,752,206.40748643875122,752,206.83030581474304,752,207.29356002807617,752,207.74762153625488,752,208.21022009849548,752,208.65132451057434,752,209.09359741210938,752,209.56325912475586,752,210.15419697761536,752,211.24683141708374,752,211.6857078075409,752,212.13248872756958,752,213.17705965042114,752,213.62259197235107,752,214.04861855506897,752,214.55656838417053,752,215.02674651145935,752,215.49258136749268,752,215.9155604839325,752,216.37250447273254,752,216.9046757221222,752,217.33841681480408,752,217.76976227760315,752,218.20498728752136,752,218.6270580291748,752,219.08130836486816,752,219.60387921333313,752,220.01670026779175,752,220.44614267349243,752,220.89870762825012,752,221.40000581741333,752,221.84240174293518,752,222.29049491882324,752,222.79549145698547,752,223.28918385505676,752,223.76942586898804,752,224.21236062049866,752,224.63559246063232,752,225.08801078796387,752,225.53879141807556,752,225.95860862731934,752,226.38618206977844,752,226.84499740600586,752,227.27013421058655,752,227.7140920162201,752,228.15320348739624,752,228.60744667053223,752,229.0317349433899,752,229.6046371459961,752,230.08018851280212,752,230.48708081245422,752,230.90783619880676,752,231.34371972084045,752,231.7639832496643,752,232.2052505016327,752,232.6265172958374,752,233.66644716262817,752,234.18060779571533,752,234.6335506439209,752,235.0602011680603,752,235.50034856796265,752,235.96652388572693,752,236.95634770393372,752,237.67569541931152,752,238.13775658607483,752,238.57213377952576,752,239.24984574317932,752,239.69526314735413,752,240.1435523033142,752,240.62363290786743,752,241.06033730506897,752,241.49013710021973,752,242.0284080505371,752,242.9995403289795,752,243.98217868804932,752,244.51130604743958,752,244.95895767211914,752,245.44204950332642,752,245.88183331489563,752,246.32997250556946,752,246.7863962650299,752,247.39767336845398,752,247.8790831565857,752,248.3039584159851,752,248.74782586097717,752,249.1701431274414,752,249.6788604259491,752,250.1154544353485,752,250.59099125862122,752,251.05092430114746,752,251.57102966308594,752,252.043865442276,752,252.49583172798157,752,252.93698167800903,752,253.36362648010254,752,253.8394811153412,752,254.27497482299805,752,254.72443413734436,752,255.16730213165283,752,255.75918197631836,752,256.2243151664734,752,256.6704499721527,752,257.1071557998657,752,257.55884075164795,752,258.0433347225189,752,258.47287702560425,752,258.898561000824,752,259.3689832687378,752,259.84019947052,752,260.2932572364807,752,260.7334051132202,752,261.1670501232147,752,261.6539080142975,752,262.1197588443756,752,262.6743092536926,752,263.11488008499146,752,263.66721296310425,752,264.2448024749756,752,264.70898818969727,752,265.1619300842285,752,265.5868399143219,752,266.0860104560852,752,266.50277638435364,752,266.9346170425415,752,267.3631429672241,752,267.79428791999817,752,268.24191451072693,752,268.6969256401062,752,269.1423180103302,752,269.58513951301575,752,270.0051770210266,752,270.4669647216797,752,270.888587474823,752,271.7930462360382,752,272.2753937244415,752,272.7478561401367,752,273.46390557289124,752,273.9290659427643,752,274.45396733283997,752,274.8690605163574,752,275.305260181427,752,275.76509308815,752,276.3139741420746,752,276.76231718063354,752,277.21041893959045,752,277.67117714881897,752,278.1317021846771,752,278.6027455329895,752,279.05732893943787,752,279.49553537368774,752,279.9093346595764,752,280.3508868217468,752,280.8156101703644,752,281.3556537628174,752,281.8134207725525,752,282.41427993774414,752,282.84328150749207,752,283.30619716644287,752,283.74588084220886,752,284.2314603328705,752,284.761027097702,752,285.2095322608948,752,285.8258864879608,752,286.3284709453583,752,286.75754618644714,752,287.2442877292633,752,287.68257308006287,752,288.3413860797882,752,288.77551341056824,752,289.2013325691223,752,289.6388649940491,752,290.0754590034485,752,290.51969385147095,752,290.9496672153473,752,291.3921411037445,752,291.84733295440674,752,292.27952575683594,752,292.74591541290283,752,293.28961873054504,752,293.747029542923,752,294.19295620918274,752,294.74895191192627,752,295.1998083591461,752,295.6635775566101,752,296.0759508609772,752,296.5013358592987,752,297.02339577674866,752,297.46695137023926,752,297.8997323513031,752,298.3831117153168,752,298.9402561187744,752,299.3958513736725,752,299.83254861831665,752,300.13099551200867
4,random graphs/triangle/r1.5k24n16/graph4.lgbin,5718,247.81541419029236,859,1770,0,1452,1.2665326595306396,1302,3.5435469150543213,1115,4.484690189361572,1056,5.783077955245972,1043,6.343977928161621,996,7.560407876968384,976,8.708394765853882,957,10.287960290908813,925,11.500463247299194,923,12.005749225616455,910,13.071073293685913,905,13.547989845275879,896,14.017816305160522,885,15.293206691741943,885,15.75203800201416,882,16.366355180740356,881,17.241461277008057,881,17.791130781173706,881,18.855688095092773,879,19.98686957359314,876,21.053972244262695,875,22.321837425231934,874,22.972423553466797,874,23.46035623550415,873,24.124215126037598,873,24.608928203582764,873,25.23158621788025,873,25.850087642669678,873,26.9457950592041,873,27.427924633026123,872,28.635135650634766,872,29.09636688232422,871,29.579702138900757,871,30.651755809783936,871,31.768306255340576,871,32.197452783584595,871,33.18835186958313,871,34.108951807022095,871,34.570130586624146,871,35.061582803726196,871,35.503053188323975,871,36.18999934196472,871,37.11269760131836,871,37.60433769226074,871,39.070706844329834,871,39.56494402885437,871,40.16467332839966,871,41.06047511100769,869,42.129730463027954,869,42.566179037094116,869,43.24665117263794,869,43.715580701828,869,44.315916776657104,869,45.238683462142944,869,45.71022915840149,869,46.20744848251343,869,47.36336803436279,869,48.37722063064575,869,49.48306751251221,869,49.98786640167236,869,51.04486680030823,869,51.63055062294006,869,52.43006896972656,869,52.86921310424805,869,54.02945113182068,869,54.51417660713196,869,54.93796253204346,869,55.485623359680176,869,56.47947907447815,869,56.964051246643066,869,57.58109426498413,869,58.040793657302856,869,58.66459941864014,869,59.67255926132202,869,60.674227476119995,869,61.108861446380615,869,61.73822784423828,868,62.31235718727112,868,63.312899351119995,868,64.26323914527893,868,65.5061399936676,868,66.56388711929321,868,67.03896832466125,868,67.45740008354187,868,67.89153027534485,868,68.95887875556946,868,69.86073040962219,868,70.85058069229126,868,71.30334568023682,868,72.3404860496521,868,73.02440428733826,868,73.51309871673584,868,74.07315826416016,868,74.52245378494263,868,74.95096278190613,868,75.39964890480042,868,75.87759613990784,868,76.54869508743286,867,77.31442761421204,867,78.28302645683289,867,79.31374382972717,867,80.38014435768127,867,80.87299513816833,867,81.3228063583374,867,82.44139170646667,867,83.43764281272888,867,84.50596809387207,867,85.59401988983154,867,86.04044032096863,867,86.58713102340698,867,87.50409626960754,867,88.57254147529602,867,89.07531714439392,867,89.53078603744507,867,89.94487714767456,867,90.38015675544739,867,91.3629105091095,867,91.81050729751587,867,92.85976052284241,867,93.33648467063904,867,94.33397936820984,867,94.79187250137329,867,95.39358115196228,867,95.83899521827698,867,96.4045877456665,867,97.0178542137146,867,97.48408198356628,867,98.38800859451294,866,99.29417514801025,865,99.97331809997559,865,100.48992896080017,864,101.13165259361267,864,101.54920101165771,864,102.60123562812805,864,103.05534529685974,864,103.47776317596436,864,104.51432156562805,864,104.97150778770447,864,105.41167759895325,864,106.4195203781128,864,107.45512890815735,864,108.05932927131653,864,108.50021243095398,864,109.0443389415741,864,109.66892790794373,864,110.74409174919128,864,111.72134733200073,864,112.15043926239014,864,113.1455626487732,864,113.67075777053833,864,114.25119137763977,864,114.71898221969604,864,115.69488525390625,864,116.17593216896057,864,116.63730955123901,864,117.0525496006012,864,117.58213543891907,864,118.04037284851074,864,118.65738034248352,864,119.62111735343933,864,120.05765700340271,864,120.64497447013855,864,121.26699447631836,864,121.73058867454529,864,122.77323746681213,864,123.23034763336182,864,123.85356426239014,864,124.89981150627136,864,125.34495067596436,864,126.35639071464539,864,126.95795631408691,864,127.94060182571411,864,128.85181665420532,864,129.42093062400818,864,130.63033294677734,864,131.19086599349976,864,131.64563703536987,864,132.13485980033875,863,133.25197553634644,863,134.2844033241272,863,134.79364585876465,863,135.25731706619263,862,135.92637872695923,862,136.365008354187,862,136.9129889011383,862,137.39482760429382,862,137.98250675201416,862,138.41565942764282,862,139.03632164001465,862,139.561936378479,862,139.99553084373474,862,141.09911727905273,862,142.08579277992249,862,142.7516679763794,862,143.17122554779053,862,143.76916360855103,862,144.2031648159027,862,144.6238443851471,862,145.7379162311554,862,146.72653317451477,862,147.716961145401,862,148.27345895767212,862,148.7187261581421,862,149.2758753299713,862,149.7514452934265,862,150.61069631576538,862,151.22060441970825,862,151.6322946548462,862,152.64928722381592,862,153.25397944450378,862,154.19617438316345,862,154.847026348114,862,155.29889035224915,862,155.73618459701538,862,156.64620876312256,862,157.61331057548523,862,158.25193524360657,862,158.85284686088562,862,159.29007816314697,862,159.75626158714294,862,160.1972005367279,862,161.2451672554016,860,162.20716500282288,859,162.77685642242432,859,163.77038645744324,859,164.24432158470154,859,165.2554898262024,859,165.9023950099945,859,166.38010811805725,859,167.01891493797302,859,167.46358275413513,859,167.91457271575928,859,168.37711930274963,859,168.87546563148499,859,169.4854748249054,859,169.99346160888672,859,170.43029046058655,859,170.8778989315033,859,171.35007548332214,859,171.92416071891785,859,172.36065340042114,859,172.79342436790466,859,173.81421566009521,859,174.80244874954224,859,175.80503368377686,859,176.2510859966278,859,176.91966891288757,859,177.5337269306183,859,178.4555480480194,859,179.1435902118683,859,180.16810417175293,859,180.6215431690216,859,181.26532220840454,859,181.68028688430786,859,182.16795754432678,859,182.616619348526,859,183.7402241230011,859,184.7945840358734,859,185.23078894615173,859,185.82567048072815,859,186.43001246452332,859,186.95646023750305,859,188.38046669960022,859,188.92089295387268,859,189.39607763290405,859,190.36005187034607,859,190.84285473823547,859,191.3446192741394,859,192.30259537696838,859,192.9566421508789,859,193.39191961288452,859,193.85684418678284,859,194.78784251213074,859,195.94090175628662,859,196.41781997680664,859,197.07066702842712,859,197.59600949287415,859,198.05903339385986,859,199.2443687915802,859,200.25039434432983,859,200.93433928489685,859,205.06559824943542,859,205.51656222343445,859,206.9956202507019,859,207.48687195777893,859,207.95510458946228,859,209.10588884353638,859,210.14334797859192,859,210.6063826084137,859,211.13001704216003,859,211.6474370956421,859,212.1045789718628,859,212.7982530593872,859,213.27271962165833,859,214.30567169189453,859,215.31664323806763,859,215.929625749588,859,216.38506603240967,859,216.9942445755005,859,218.0350980758667,859,218.5091826915741,859,218.95484018325806,859,219.4282636642456,859,220.55660033226013,859,220.9940185546875,859,221.44508528709412,859,221.9015564918518,859,222.49441933631897,859,222.94887232780457,859,223.42823600769043,859,224.52784061431885,859,225.45600032806396,859,225.91448307037354,859,226.9960196018219,859,228.02463459968567,859,228.49550461769104,859,229.1848247051239,859,230.3126289844513,859,230.8255352973938,859,231.8687539100647,859,232.3686490058899,859,232.80848741531372,859,234.03372478485107,859,234.5765151977539,859,235.62216019630432,859,236.50187063217163,859,237.564067363739,859,238.6646111011505,859,239.1274712085724,859,240.14188265800476,859,240.74912548065186,859,241.2911877632141,859,242.2430865764618,859,242.62873005867004,859,243.08159732818604,859,243.65584015846252,859,244.16485166549683,859,244.64113545417786,859,245.29232096672058,859,246.21142864227295,859,247.47942185401917,859,247.93924260139465,859,248.5727722644806,859,249.03461050987244,859,249.53835368156433,859,250.14695024490356,859,250.60126423835754,859,251.21982288360596,859,251.71162366867065,859,252.8161642551422,859,253.7460868358612,859,254.23489999771118,859,254.82680535316467,859,255.7408356666565,859,256.22198581695557,859,257.18644738197327,859,257.7741312980652,859,258.4633400440216,859,258.9441673755646,859,259.5509297847748,859,260.06739354133606,859,260.49420380592346,859,261.4677345752716,859,262.5079040527344,859,262.9849739074707,859,263.5432779788971,859,263.96488094329834,859,264.4403691291809,859,265.500333070755,859,266.1668310165405,859,267.2132565975189,859,268.17198061943054,859,268.79824686050415,859,269.7460844516754,859,270.52606773376465,859,271.01154351234436,859,271.4809093475342,859,271.93984603881836,859,272.5695927143097,859,273.02495789527893,859,273.5012423992157,859,274.48089814186096,859,275.1695704460144,859,275.7509994506836,859,276.4145965576172,859,277.0169267654419,859,277.58343148231506,859,278.039755821228,859,278.93144178390503,859,279.9817478656769,859,280.4217960834503,859,281.05703115463257,859,281.49697279930115,859,282.1527464389801,859,283.07727694511414,859,283.6785354614258,859,284.27586913108826,859,284.7415587902069,859,285.2171504497528,859,285.6986517906189,859,286.15595602989197,859,286.63650703430176,859,287.67477917671204,859,288.19603657722473,859,288.66578102111816,859,289.2898530960083,859,290.35301089286804,859,291.43107056617737,859,291.92118430137634,859,292.5508086681366,859,293.4870228767395,859,293.94002413749695,859,294.951730966568,859,295.58570885658264,859,296.13584423065186,859,296.62509632110596,859,297.182505607605,859,297.6353409290314,859,298.6313762664795,859,299.0731213092804,859,299.6292986869812,859,300.22087717056274
0,random graphs/triangle/r1.5k24n16/graph0.lgbin,6559,250.71800756454468,779,1739,0,1443,2.99344801902771,1282,6.44615626335144,1202,7.192199468612671,1135,8.94300889968872,1082,11.293275117874146,1044,12.554527759552002,1001,13.61005449295044,961,15.378049373626709,934,16.654820203781128,906,17.512322425842285,889,18.769752979278564,879,19.850746631622314,865,20.527050256729126,854,21.381518125534058,846,22.062901496887207,840,22.862433671951294,834,23.664608240127563,828,25.166921138763428,826,26.218257665634155,824,26.96967649459839,824,29.955200672149658,815,30.632009267807007,815,32.088759660720825,812,33.35502481460571,809,34.03127884864807,806,34.672847270965576,804,36.17313885688782,804,36.68853974342346,803,37.401633501052856,800,38.05159640312195,799,38.79220223426819,798,40.47863578796387,795,41.36503744125366,794,42.05852937698364,791,42.90431523323059,791,43.500481843948364,791,44.31787371635437,791,44.78786659240723,790,45.861246824264526,790,46.57238435745239,790,47.323899030685425,790,48.10984230041504,789,49.236393213272095,789,49.73263907432556,789,50.250229597091675,789,50.98251533508301,789,51.48331379890442,789,52.08973002433777,789,52.89886283874512,789,54.444636821746826,789,54.93472743034363,785,55.76652550697327,785,56.41415214538574,785,56.95120120048523,784,57.68059849739075,784,58.23039722442627,784,59.61092138290405,784,60.140865087509155,784,60.82763195037842,783,61.44832992553711,783,61.93952655792236,783,62.51117706298828,783,63.18235111236572,783,64.29579520225525,783,65.87836480140686,783,67.92530083656311,783,68.50596976280212,783,69.06819796562195,783,69.60446095466614,783,70.16290521621704,783,70.67515301704407,783,71.2007246017456,783,71.76790809631348,783,72.29023861885071,783,72.79913091659546,783,73.39047193527222,783,74.12593388557434,783,74.65475511550903,783,75.25950050354004,783,75.83099126815796,783,76.36117839813232,783,77.13397002220154,783,77.81088519096375,783,78.5670337677002,783,79.11623764038086,783,80.7960135936737,783,81.28657007217407,783,82.80865573883057,783,83.43175745010376,783,84.01014995574951,783,84.7440402507782,783,86.42050266265869,783,86.99684715270996,783,87.75406575202942,783,89.34649324417114,783,89.89024782180786,783,90.43469214439392,783,90.97459745407104,783,92.21297311782837,783,95.04772424697876,783,95.65652680397034,783,96.43262386322021,783,97.0707643032074,783,97.74310541152954,783,99.41070008277893,783,100.12484288215637,783,101.23421478271484,783,101.79209232330322,783,103.43808722496033,783,104.06085348129272,783,105.37100028991699,783,105.87928557395935,783,106.4020357131958,783,107.1523175239563,783,108.2977831363678,783,109.12387299537659,783,109.75745749473572,783,110.3156955242157,783,110.83577990531921,783,111.43785262107849,783,112.0111198425293,783,112.51999425888062,783,113.058922290802,783,113.55880904197693,783,114.08074855804443,782,115.505779504776,782,116.63113975524902,782,117.18158292770386,782,117.99505805969238,781,118.88142466545105,781,119.42765855789185,781,120.90716648101807,781,121.52977967262268,781,122.0923752784729,781,122.59538269042969,781,123.33334708213806,781,124.08719539642334,781,124.5918939113617,781,125.20652055740356,781,125.84439945220947,781,126.3767499923706,781,126.88440179824829,781,127.44270896911621,781,128.47299122810364,781,129.5589165687561,781,130.0876362323761,781,130.71931767463684,781,131.4301242828369,780,132.48063325881958,780,133.00642442703247,780,133.82351303100586,780,134.40608525276184,780,135.17437291145325,780,135.90738797187805,780,136.44341397285461,780,137.16344475746155,780,138.72688174247742,780,139.28777647018433,780,140.01724529266357,780,140.65420985221863,780,141.2245762348175,780,142.00520849227905,780,142.62381863594055,780,143.37993359565735,780,143.89187216758728,780,144.56497263908386,780,145.05335354804993,780,145.5944938659668,780,146.1520004272461,780,146.6744031906128,780,147.33102703094482,780,148.0756869316101,780,148.70470881462097,780,149.4654221534729,780,150.16328835487366,779,150.76411962509155,779,151.29506945610046,779,151.90958213806152,779,152.40853810310364,779,153.10673022270203,779,153.60801553726196,779,154.77192497253418,779,155.28453755378723,779,155.8345229625702,779,156.547993183136,779,157.83240127563477,779,158.68116807937622,779,159.24899196624756,779,159.77524757385254,779,160.27416563034058,779,161.6067328453064,779,162.14772367477417,779,162.66620135307312,779,163.38807702064514,779,163.89656138420105,779,164.4046392440796,779,165.00456190109253,779,165.56001543998718,779,166.05462861061096,779,166.7863712310791,779,167.3145236968994,779,167.81318402290344,779,168.32465958595276,779,168.89664340019226,779,169.44128727912903,779,169.93622303009033,779,170.51562213897705,779,171.20951652526855,779,172.33078527450562,779,173.5123326778412,779,174.14632201194763,779,174.71283292770386,779,175.23889446258545,779,175.9360203742981,779,176.6510934829712,779,177.28152418136597,779,177.8267593383789,779,178.44273209571838,779,179.15055894851685,779,179.65499114990234,779,180.19767546653748,779,180.6807291507721,779,181.2363359928131,779,181.7401304244995,779,182.2908651828766,779,182.91805839538574,779,184.0301649570465,779,184.53461384773254,779,185.095134973526,779,186.10781025886536,779,186.556711435318,779,187.05962371826172,779,187.56091499328613,779,188.25798153877258,779,188.71610689163208,779,189.23830437660217,779,189.94889378547668,779,190.44071984291077,779,190.91861486434937,779,191.41231894493103,779,192.0380129814148,779,192.69003653526306,779,193.30523324012756,779,193.81890177726746,779,194.33037519454956,779,194.81115055084229,779,195.33594918251038,779,195.85426139831543,779,196.42128229141235,779,197.10066413879395,779,197.76573610305786,779,199.13616394996643,779,199.65217280387878,779,200.21311497688293,779,201.36977434158325,779,202.73007464408875,779,203.49840712547302,779,204.0357813835144,779,204.54982781410217,779,205.4092242717743,779,206.06211757659912,779,206.55224680900574,779,207.9573426246643,779,208.51615476608276,779,209.65504431724548,779,210.38669204711914,779,211.0711567401886,779,211.59676098823547,779,212.1297948360443,779,212.70042967796326,779,213.181010723114,779,213.7621831893921,779,214.2298948764801,779,214.72185587882996,779,215.20150899887085,779,215.87494015693665,779,216.48286819458008,779,216.96577620506287,779,217.51663947105408,779,218.2594494819641,779,219.73302483558655,779,220.25982356071472,779,220.90480303764343,779,221.4258623123169,779,221.9281303882599,779,222.57320189476013,779,223.14843153953552,779,223.83239650726318,779,224.43625450134277,779,224.9985625743866,779,225.53768610954285,779,226.64811730384827,779,228.27153611183167,779,229.2383360862732,779,229.76084876060486,779,230.25162434577942,779,230.7119164466858,779,231.30598092079163,779,232.60198855400085,779,233.27938961982727,779,233.771821975708,779,234.41128873825073,779,235.12975239753723,779,236.14961409568787,779,236.84922575950623,779,238.18689703941345,779,239.24746108055115,779,239.71834230422974,779,241.11416101455688,779,242.21422338485718,779,243.33871746063232,779,243.8434510231018,779,244.69355130195618,779,245.4008824825287,779,246.13301467895508,779,246.76147031784058,779,247.51195406913757,779,249.0309190750122,779,249.63000178337097,779,250.20388793945312,779,251.72408199310303,779,252.39522290229797,779,253.09617447853088,779,253.65174078941345,779,254.32399988174438,779,254.83257913589478,779,255.51092171669006,779,255.98536276817322,779,256.4653842449188,779,256.9813823699951,779,257.48751497268677,779,257.9839975833893,779,258.6567802429199,779,259.2177195549011,779,260.275151014328,779,260.93413257598877,779,262.4538643360138,779,263.13700890541077,779,263.73172092437744,779,264.2953863143921,779,264.81262159347534,779,265.59966945648193,779,266.1426594257355,779,266.7196915149689,779,267.77108430862427,779,268.27289509773254,779,268.8569483757019,779,269.3681204319,779,270.83449935913086,779,272.270024061203,779,272.7772386074066,779,273.32493591308594,779,273.80368161201477,779,274.3846597671509,779,275.9362049102783,779,277.11517548561096,779,277.7199385166168,779,278.5268769264221,779,279.1485958099365,779,279.83014965057373,779,281.4811444282532,779,282.18868136405945,779,282.688668012619,779,283.2159175872803,779,283.764084815979,779,284.96003246307373,779,286.3004150390625,779,286.8400800228119,779,287.62069845199585,779,288.3965036869049,779,288.9051730632782,779,289.4183712005615,779,289.926819562912,779,290.5881576538086,779,291.16841101646423,779,292.8965096473694,779,293.379620552063,779,294.1298749446869,779,294.64945101737976,779,295.3356599807739,779,295.85081219673157,779,296.40028500556946,779,297.8170578479767,779,298.33790016174316,779,299.9167335033417,779,300.13056564331055
1,random graphs/triangle/r1.5k24n16/graph1.lgbin,6559,247.4065089225769,748,1622,0,1282,1.781928539276123,1113,2.854158878326416,1043,4.541841983795166,971,5.3161396980285645,962,6.597771167755127,928,9.267638683319092,921,9.903737545013428,910,10.875305652618408,887,12.064141273498535,871,13.238810777664185,857,14.176782846450806,848,14.643166542053223,846,16.064811944961548,824,16.74581789970398,817,18.02259063720703,808,18.915727138519287,799,19.852961540222168,797,20.58409595489502,778,22.1248939037323,776,22.644652128219604,764,23.23695182800293,764,23.756442546844482,764,24.475715160369873,764,24.973488330841064,764,25.52566123008728,764,26.17120885848999,762,26.887086153030396,762,27.6758770942688,762,28.250707626342773,762,28.76757264137268,762,29.286010026931763,762,29.83642888069153,762,30.542422771453857,762,31.03676676750183,762,31.485787391662598,762,32.10261917114258,762,32.69110918045044,762,34.61380982398987,762,35.22838997840881,761,35.71893072128296,761,36.18351435661316,761,36.7264084815979,761,37.24111199378967,761,37.87329840660095,761,38.568597078323364,757,39.39713907241821,757,39.8519549369812,757,40.49499034881592,757,41.01289653778076,756,41.55691957473755,756,42.11247205734253,755,42.942009925842285,754,43.77297520637512,754,44.23987126350403,754,44.82656216621399,754,45.336792945861816,753,45.92890930175781,753,46.64319372177124,753,47.28681993484497,753,47.76018929481506,753,49.18513369560242,753,49.96888542175293,753,50.61539626121521,753,51.09795832633972,753,52.1557822227478,753,52.715118408203125,753,53.37453866004944,753,53.84805417060852,753,54.94360828399658,753,55.547548055648804,753,56.09775948524475,753,56.58570909500122,753,57.3574583530426,753,57.84789752960205,753,58.41127252578735,753,58.959900856018066,753,59.544936180114746,753,60.160470962524414,753,60.70205640792847,753,61.1658136844635,753,61.76509189605713,753,62.35875463485718,753,62.864341735839844,753,63.380146980285645,753,63.851245403289795,753,64.53304171562195,753,65.12626481056213,753,65.5938732624054,753,66.92016983032227,753,67.37087559700012,753,67.886714220047,753,68.50815868377686,753,69.17699360847473,753,70.64657640457153,753,71.47759485244751,752,72.31833243370056,752,74.2170090675354,752,74.69602251052856,752,75.4176173210144,752,76.98749208450317,752,77.73284578323364,752,78.90303349494934,752,79.42670130729675,752,80.16215968132019,752,80.86700081825256,752,81.54987573623657,752,82.21179151535034,752,82.83356714248657,752,83.46906518936157,752,84.1021032333374,752,84.59825015068054,752,85.547203540802,750,86.5924346446991,750,87.20509672164917,750,87.72274589538574,750,88.3461389541626,750,88.79209494590759,750,90.31279683113098,750,90.81422424316406,750,91.51227831840515,750,91.99406719207764,750,92.62865257263184,750,93.25655603408813,750,93.86982321739197,750,94.57062816619873,750,95.07891011238098,750,96.56225061416626,750,97.04452872276306,750,97.6856038570404,750,98.3534083366394,750,98.8389663696289,750,99.43936109542847,750,100.2695107460022,750,100.96564412117004,750,101.49585223197937,750,101.9850344657898,750,102.67385911941528,750,103.16505932807922,750,103.76321935653687,750,105.1917872428894,750,105.79695701599121,750,106.45227217674255,750,107.26141715049744,750,107.82966661453247,750,108.3239815235138,750,108.82128310203552,750,109.48830366134644,750,110.11472725868225,750,110.75445675849915,750,111.29941177368164,750,111.9862732887268,750,112.72023892402649,750,113.41501092910767,750,114.12676811218262,750,114.5836033821106,750,115.21542119979858,750,115.7996289730072,750,116.34136915206909,750,116.94688200950623,750,117.57455110549927,750,118.33413553237915,750,118.85028004646301,750,119.45216250419617,750,120.44353771209717,750,121.08725547790527,750,122.13470387458801,750,122.58754324913025,750,123.13928055763245,750,123.82418179512024,750,124.32507348060608,750,124.77351641654968,750,125.28023600578308,750,125.80421614646912,750,126.38187503814697,750,127.42300653457642,750,127.93693327903748,750,128.62891721725464,750,129.10502529144287,750,129.61111116409302,750,131.14489316940308,750,131.61279892921448,750,132.68987202644348,750,133.24021744728088,750,134.24918961524963,750,135.0049967765808,750,135.7234570980072,750,137.30345678329468,750,138.7408845424652,750,139.32174038887024,750,140.0373945236206,750,141.55636310577393,750,142.14735770225525,750,142.8909990787506,750,143.57105040550232,750,144.1774718761444,750,144.68394088745117,750,146.41495513916016,750,146.8583254814148,750,147.5405821800232,750,147.99130606651306,750,149.4268355369568,750,150.1346254348755,750,150.8016438484192,750,151.53565287590027,750,152.12516975402832,750,153.00020575523376,750,153.47753620147705,750,153.93713855743408,750,154.41161108016968,750,154.98180317878723,750,155.4419071674347,750,156.09280681610107,750,156.5586428642273,750,157.22229719161987,750,157.78747987747192,750,158.4330599308014,750,158.88936495780945,750,159.50155377388,750,160.0157814025879,750,160.48979806900024,750,161.0904586315155,750,161.7782642841339,750,162.22440361976624,750,162.66825556755066,750,163.2680685520172,750,163.9198408126831,750,164.43298864364624,750,164.87224698066711,750,165.3323094844818,750,166.00670981407166,750,166.68422603607178,750,167.6075882911682,750,168.2560534477234,750,168.69181895256042,750,169.3772349357605,749,170.1595058441162,748,170.75527334213257,748,172.22992706298828,748,172.99041295051575,748,174.3209536075592,748,174.8399519920349,748,175.2947700023651,748,176.02753734588623,748,176.47928404808044,748,176.95198774337769,748,177.51330137252808,748,178.1759970188141,748,179.60174322128296,748,180.37750673294067,748,180.8633964061737,748,181.36217546463013,748,182.01711249351501,748,182.62378525733948,748,183.29789304733276,748,183.91223001480103,748,184.4067234992981,748,184.87169003486633,748,185.46671795845032,748,186.08008646965027,748,186.74419617652893,748,187.26076364517212,748,188.00316095352173,748,188.5707769393921,748,189.08308482170105,748,189.9089069366455,748,190.4135673046112,748,190.87008023262024,748,191.40788173675537,748,192.01722979545593,748,193.00059914588928,748,193.61404013633728,748,195.55503821372986,748,196.1243827342987,748,196.82357740402222,748,197.32588028907776,748,197.8904914855957,748,198.54236268997192,748,199.2751317024231,748,199.83018898963928,748,200.32195734977722,748,200.84750890731812,748,201.3208348751068,748,201.94438219070435,748,202.39771628379822,748,202.98792600631714,748,203.49979853630066,748,203.99313163757324,748,205.69711709022522,748,206.27282047271729,748,206.87916564941406,748,207.4237551689148,748,208.13609194755554,748,208.65929627418518,748,209.25898337364197,748,209.82823777198792,748,210.49953508377075,748,211.17555284500122,748,211.66032314300537,748,212.159761428833,748,213.56403136253357,748,214.07986903190613,748,214.68677043914795,748,215.2932846546173,748,215.82512402534485,748,216.3917772769928,748,216.9530324935913,748,217.4841935634613,748,218.18563890457153,748,218.93719720840454,748,219.57912588119507,748,220.0757851600647,748,220.6295714378357,748,221.0974886417389,748,221.78751063346863,748,222.3061821460724,748,222.85276556015015,748,223.35335683822632,748,224.04401779174805,748,225.67166900634766,748,226.2805244922638,748,226.74899220466614,748,227.4794726371765,748,227.96233320236206,748,228.42415261268616,748,228.93198919296265,748,229.59544849395752,748,230.66578555107117,748,231.33394384384155,748,231.79659843444824,748,232.2864727973938,748,232.75591611862183,748,233.2273473739624,748,233.8244752883911,748,234.36171102523804,748,235.77270650863647,748,236.2520468235016,748,236.7366602420807,748,238.88171410560608,748,239.4010772705078,748,240.036306142807,748,240.504643201828,748,241.1957085132599,748,241.83839082717896,748,242.54132890701294,748,243.59273147583008,748,245.25165271759033,748,246.67121577262878,748,247.1457953453064,748,247.62879538536072,748,248.15723180770874,748,248.7676339149475,748,249.2432737350464,748,249.72408175468445,748,250.27082753181458,748,251.33812594413757,748,253.00645804405212,748,253.64793944358826,748,254.3023624420166,748,254.9308135509491,748,255.60398817062378,748,256.2482180595398,748,256.8807883262634,748,257.3907868862152,748,258.4442868232727,748,258.97251558303833,748,259.56476950645447,748,260.2470498085022,748,260.72858929634094,748,261.1681787967682,748,261.8312907218933,748,262.32118010520935,748,262.80226588249207,748,263.44486117362976,748,264.042742729187,748,264.61581206321716,748,265.12575483322144,748,265.74347734451294,748,266.20541071891785,748,266.8087947368622,748,268.35962986946106,748,269.0382294654846,748,269.53496837615967,748,270.0018651485443,748,270.5332889556885,748,270.9666163921356,748,271.556519985199,748,272.2229175567627,748,272.7610430717468,748,273.26585125923157,748,274.80662417411804,748,275.42060351371765,748,275.94217467308044,748,276.5154447555542,748,277.8674168586731,748,278.48115491867065,748,278.96394395828247,748,279.6309390068054,748,280.39244771003723,748,280.8478376865387,748,281.3641483783722,748,281.95879793167114,748,283.4165141582489,748,283.95733737945557,748,284.55274963378906,748,285.1697268486023,748,285.6533770561218,748,286.3432722091675,748,287.06162905693054,748,287.5749611854553,748,288.0423996448517,748,288.67511677742004,748,289.4652192592621,748,290.01533246040344,748,290.6497528553009,748,292.656898021698,748,293.3519489765167,748,294.79491114616394,748,296.1974313259125,748,296.8354024887085,748,297.39600586891174,748,297.88594102859497,748,299.5532464981079,748,300.1113142967224
2,random graphs/triangle/r1.5k24n16/graph2.lgbin,6559,252.3583779335022,754,1672,0,1304,4.377523899078369,1093,6.6755897998809814,998,7.448779821395874,943,9.621819972991943,910,10.760973453521729,902,12.119170665740967,893,13.45815134048462,862,14.714264392852783,846,15.309825658798218,838,16.144479274749756,837,17.234622716903687,835,18.402363538742065,835,19.002995491027832,835,19.555593490600586,834,20.31463074684143,834,20.905460834503174,833,22.270115852355957,833,23.48164176940918,832,24.090372800827026,830,24.98857593536377,823,26.364593029022217,814,27.681657791137695,812,28.39485740661621,809,29.47220230102539,806,30.596907377243042,804,31.84180498123169,800,32.483606815338135,798,33.50350522994995,798,34.8470618724823,793,36.20481777191162,787,36.912487745285034,787,37.51517701148987,785,38.63869094848633,785,39.23979735374451,780,39.856043338775635,780,41.17959952354431,780,42.641043186187744,780,43.56103181838989,780,44.20641231536865,780,45.64388656616211,780,46.15707802772522,780,46.84909701347351,780,47.347448110580444,780,47.97269105911255,780,48.56662726402283,780,49.66089725494385,780,50.27005577087402,780,50.80388879776001,780,51.98479723930359,780,52.61780643463135,780,53.14913058280945,780,53.672539710998535,780,54.17129039764404,780,55.17655849456787,780,55.755396604537964,780,56.28610110282898,780,57.46949100494385,780,58.0140438079834,779,58.63873791694641,779,59.307283878326416,779,59.862685680389404,779,60.34788227081299,779,60.89469504356384,779,61.388702154159546,779,62.145873069763184,779,62.762855768203735,779,63.58225703239441,779,64.120525598526,779,64.62310338020325,779,65.65343928337097,779,66.17958354949951,779,66.92436122894287,778,67.9908037185669,778,68.59901881217957,778,69.07294130325317,778,69.60120153427124,777,71.3355004787445,773,72.58331251144409,773,73.33957099914551,773,74.22065258026123,773,74.93744945526123,773,75.46161794662476,773,76.50488352775574,773,77.05086731910706,773,77.69535446166992,773,78.29037928581238,773,78.98681735992432,773,79.51910471916199,773,80.02881336212158,773,80.58467435836792,773,81.6364381313324,773,82.28754544258118,772,82.83799886703491,772,83.31809949874878,771,83.88616943359375,771,85.04622340202332,771,85.76493263244629,768,86.48130750656128,766,87.01965761184692,766,87.54469299316406,766,88.52797889709473,766,89.24545693397522,766,89.74953937530518,766,90.67449831962585,766,91.18597722053528,766,91.74242901802063,766,92.9210274219513,766,94.16282963752747,766,95.39097476005554,766,96.52504634857178,766,97.11605715751648,766,97.80366015434265,766,98.62132668495178,766,99.18979978561401,766,99.75280284881592,766,101.48620915412903,766,102.08797907829285,765,102.86785578727722,765,103.35367608070374,765,103.86260199546814,765,104.58483600616455,765,105.78136134147644,765,106.42329716682434,765,107.62227153778076,765,108.268075466156,765,108.77735710144043,765,109.53723883628845,765,110.05802297592163,765,110.71015620231628,765,112.71798300743103,765,113.27816152572632,765,113.78445100784302,765,114.28349471092224,765,115.05331039428711,765,115.52253913879395,762,116.73441004753113,762,117.21948575973511,762,117.77959442138672,762,118.33682799339294,762,118.82116556167603,761,119.51039671897888,760,120.41186237335205,760,120.96442079544067,760,121.5878164768219,760,122.04921579360962,760,122.57818555831909,760,125.43942189216614,760,127.23431301116943,760,127.74842047691345,760,128.27833938598633,760,129.4955439567566,760,130.56334519386292,760,131.17343831062317,760,131.69472408294678,760,132.25544238090515,760,132.7317340373993,760,133.2116458415985,760,134.1371886730194,760,135.7711045742035,760,136.3873438835144,760,137.093101978302,760,138.31428408622742,760,138.88173389434814,760,139.38667964935303,760,140.05604887008667,760,140.63053917884827,760,141.22073411941528,760,141.67892265319824,760,142.56028270721436,760,143.08374547958374,760,143.7843017578125,760,144.3375542163849,760,144.91611409187317,760,146.1401379108429,760,146.74685263633728,760,148.2118742465973,760,148.86237120628357,760,150.19940614700317,760,150.70633578300476,760,151.28680801391602,760,151.95995616912842,760,152.47484230995178,760,152.95602178573608,760,153.6308994293213,760,154.15676403045654,760,154.6147439479828,759,155.26732754707336,759,155.89405870437622,759,157.037122964859,759,157.55595326423645,759,158.69819808006287,759,159.1546676158905,759,159.6770269870758,759,161.6979901790619,758,162.34847378730774,758,163.4314830303192,758,163.90662002563477,758,164.42868900299072,758,164.937912940979,758,165.47386813163757,758,166.00526189804077,758,166.59201765060425,756,167.44331812858582,756,168.2448627948761,756,169.53578782081604,756,170.04948234558105,756,170.57656741142273,756,171.29259300231934,756,171.82798099517822,756,172.4471173286438,756,172.9340181350708,756,174.06343936920166,756,174.56789588928223,756,175.3790318965912,756,176.98848748207092,756,177.75572109222412,756,178.3564600944519,756,179.01541566848755,756,179.71972179412842,755,180.33717131614685,754,181.08331060409546,754,181.57404971122742,754,182.7660436630249,754,183.35217571258545,754,184.1427743434906,754,185.2340443134308,754,185.78347611427307,754,186.45660519599915,754,187.03063464164734,754,187.59165334701538,754,188.35797214508057,754,188.97755098342896,754,189.67352604866028,754,190.2438554763794,754,190.84419178962708,754,193.62286496162415,754,194.3147213459015,754,194.83529925346375,754,195.64942479133606,754,196.1866865158081,754,196.71314191818237,754,197.30498719215393,754,197.81378149986267,754,198.71656036376953,754,199.3222234249115,754,200.37924575805664,754,200.96972560882568,754,201.4416949748993,754,202.62936806678772,754,203.46729016304016,754,204.14312171936035,754,204.66071939468384,754,205.35092902183533,754,205.91746282577515,754,206.6379337310791,754,207.29818654060364,754,207.94589853286743,754,208.6929759979248,754,209.2249994277954,754,209.99738669395447,754,210.56821513175964,754,211.85585379600525,754,212.3974792957306,754,213.11834239959717,754,213.8225028514862,754,214.42696595191956,754,215.01746106147766,754,215.52539443969727,754,216.17509007453918,754,216.73769283294678,754,217.40524435043335,754,217.93538236618042,754,219.03227472305298,754,219.6834795475006,754,220.85774207115173,754,221.77868485450745,754,222.30540895462036,754,223.4811248779297,754,224.39729166030884,754,225.1080551147461,754,225.5653429031372,754,226.40593576431274,754,226.93167853355408,754,227.42462611198425,754,228.24891829490662,754,228.75779461860657,754,229.97833609580994,754,230.8160264492035,754,231.9292516708374,754,232.80084872245789,754,233.3611981868744,754,234.05853509902954,754,234.7227737903595,754,235.40615439414978,754,235.93991327285767,754,236.42947220802307,754,237.6015501022339,754,238.08276557922363,754,238.65249252319336,754,239.49674201011658,754,240.09957647323608,754,240.61310172080994,754,241.13377594947815,754,241.6799337863922,754,242.25168871879578,754,242.7476303577423,754,243.3220658302307,754,244.47050833702087,754,244.96742916107178,754,245.5151834487915,754,245.9900186061859,754,246.7769377231598,754,248.43957614898682,754,248.97026419639587,754,249.59348893165588,754,250.2391073703766,754,250.81156992912292,754,251.3795895576477,754,251.97327065467834,754,253.2554817199707,754,253.780535697937,754,254.2960286140442,754,255.43510174751282,754,256.33887124061584,754,257.61282992362976,754,258.25959753990173,754,258.7780840396881,754,259.96338987350464,754,260.9339234828949,754,261.41958475112915,754,262.0458176136017,754,262.74520230293274,754,263.3177545070648,754,264.1145396232605,754,264.81719303131104,754,265.32038712501526,754,265.81463837623596,754,266.26679015159607,754,267.445903301239,754,268.0052330493927,754,268.53421998023987,754,269.5309112071991,754,270.03781056404114,754,270.50981187820435,754,271.04254484176636,754,271.7463023662567,754,272.282107591629,754,272.8552711009979,754,273.51270389556885,754,274.0415117740631,754,274.58800649642944,754,275.92592430114746,754,277.02938580513,754,277.5579369068146,754,278.0638551712036,754,278.63458275794983,754,279.14326548576355,754,279.8765490055084,754,280.4344365596771,754,280.91732478141785,754,281.5590376853943,754,282.07653307914734,754,282.63427662849426,754,283.269243478775,754,284.2820119857788,754,285.35953187942505,754,285.92955017089844,754,286.4622390270233,754,287.0372042655945,754,287.5170724391937,754,288.08120560646057,754,288.68563508987427,754,289.3536834716797,754,291.1468439102173,754,291.73018741607666,754,292.2815566062927,754,292.759742975235,754,293.37395215034485,754,294.01754665374756,754,294.68315172195435,754,295.2949767112732,754,295.77636551856995,754,296.9530100822449,754,297.4683976173401,754,297.94296622276306,754,298.4964551925659,754,299.0090651512146,754,299.61757612228394,754,300.1254417896271
3,random graphs/triangle/r1.5k24n16/graph3.lgbin,6559,235.5745918750763,765,1682,0,1347,1.6485669612884521,1213,2.4503908157348633,1109,3.9237608909606934,986,5.5066468715667725,941,6.691502571105957,880,8.699843168258667,852,9.260981559753418,843,9.811160564422607,838,10.545210838317871,825,11.209263324737549,820,11.827650308609009,820,12.32693886756897,818,13.71408987045288,816,14.29464840888977,805,15.734431982040405,801,16.288835048675537,800,17.27431321144104,794,18.002317190170288,786,18.676709413528442,779,19.934657335281372,773,20.544378757476807,773,21.17761254310608,772,22.45513153076172,772,22.927526712417603,771,23.497188568115234,770,24.245172262191772,769,24.90491557121277,768,25.506988525390625,768,26.010530948638916,768,26.465733766555786,768,27.129048109054565,767,27.716732501983643,767,28.23311734199524,767,28.751325368881226,767,29.281859159469604,767,29.822790145874023,767,30.322551488876343,767,30.839303731918335,767,31.386805295944214,767,31.858836889266968,767,32.36380696296692,767,33.234169006347656,767,33.931424140930176,767,34.42166709899902,767,34.98854970932007,767,35.51721668243408,767,36.00340223312378,767,36.47317552566528,767,37.00043988227844,767,37.57889914512634,767,38.247483015060425,767,38.82927680015564,767,39.34614038467407,767,39.81932973861694,767,40.3069167137146,767,40.804155588150024,767,41.283432960510254,767,41.776960611343384,767,42.36815118789673,767,42.87901449203491,767,43.41076612472534,767,43.94986844062805,767,44.42913794517517,767,45.044416189193726,767,45.52850556373596,767,46.11116552352905,767,47.23107933998108,767,48.15581941604614,767,48.67355442047119,767,49.12943887710571,767,49.60544180870056,767,50.11006951332092,767,50.71503281593323,767,51.308897972106934,767,51.80022954940796,767,52.310701847076416,767,52.816033124923706,767,53.33788585662842,767,53.81508469581604,767,54.34268641471863,767,54.81823229789734,767,55.32704949378967,767,55.869998931884766,767,56.32996439933777,767,56.840699434280396,767,57.2945659160614,767,57.7765634059906,767,58.24151587486267,767,58.73161435127258,767,59.263221979141235,767,59.96578907966614,767,60.5221266746521,767,61.03588342666626,767,61.698214054107666,767,62.228416442871094,767,62.762078046798706,767,63.575231075286865,767,64.14015436172485,767,64.61173963546753,767,65.11355996131897,767,65.6091639995575,767,66.1737949848175,767,66.72196745872498,767,67.22893500328064,767,67.81703734397888,767,68.35215997695923,767,68.85048794746399,767,69.36773419380188,767,70.3078203201294,767,70.8130350112915,767,71.35726022720337,767,71.80727338790894,767,72.31166577339172,767,72.8124737739563,767,73.29994487762451,767,74.44900131225586,767,74.93419027328491,767,75.39802289009094,767,75.88308501243591,767,76.3904492855072,767,76.88598608970642,767,77.41179156303406,767,77.87507367134094,767,78.39008045196533,767,78.90230464935303,767,79.46747493743896,767,79.9927270412445,767,80.50938105583191,767,80.99480652809143,767,81.47559905052185,767,82.0562162399292,767,82.56325554847717,767,83.16076469421387,767,83.66622877120972,767,84.27651882171631,767,84.80304908752441,767,85.3384177684784,767,86.08155083656311,767,86.61640739440918,767,87.17214870452881,767,87.67365384101868,767,88.15067791938782,767,88.66631817817688,767,89.21464467048645,767,89.74812030792236,767,90.32383131980896,767,91.37460684776306,767,92.04504942893982,767,92.51898908615112,767,93.03330254554749,767,93.64851832389832,767,94.13728094100952,767,94.64788818359375,767,95.17992329597473,767,95.71154761314392,767,96.20548129081726,767,96.66605377197266,767,97.10633873939514,767,97.61036229133606,767,98.11301589012146,767,98.56754660606384,767,99.08137845993042,767,99.52766394615173,767,100.73671913146973,767,101.22218084335327,767,101.72130703926086,767,102.94081258773804,767,103.34969353675842,767,103.91967344284058,767,104.43983817100525,767,104.91958665847778,767,105.4303207397461,767,105.94228839874268,767,106.4611701965332,767,107.00366759300232,767,107.59780216217041,767,108.14531970024109,767,108.61392283439636,767,109.13990664482117,767,109.62945580482483,767,110.11162900924683,767,110.75566959381104,767,111.2565107345581,767,111.93711590766907,767,112.43427634239197,767,113.71749138832092,767,114.21755409240723,767,114.72637462615967,766,115.41493606567383,765,116.04961037635803,765,116.556391954422,765,117.01971817016602,765,117.5884428024292,765,118.12199640274048,765,118.62134623527527,765,119.38406872749329,765,119.88235974311829,765,120.42602634429932,765,121.00403428077698,765,121.51327729225159,765,122.0784523487091,765,122.60660171508789,765,123.12083292007446,765,123.63620066642761,765,124.10306191444397,765,124.56947731971741,765,125.03582382202148,765,125.58053922653198,765,126.13509273529053,765,126.65613603591919,765,127.1923975944519,765,127.70644330978394,765,128.21329855918884,765,128.89494967460632,765,129.39871835708618,765,129.92259526252747,765,130.46986055374146,765,130.95418643951416,765,131.42363595962524,765,132.07931804656982,765,133.15385150909424,765,133.6739158630371,765,134.31578612327576,765,134.79314184188843,765,135.3010971546173,765,135.8270764350891,765,136.32298517227173,765,137.07888340950012,765,137.5977063179016,765,138.04906225204468,765,138.55988574028015,765,139.06938099861145,765,139.5827841758728,765,140.08651494979858,765,140.58463740348816,765,141.0937283039093,765,141.86903381347656,765,142.34970927238464,765,142.85580492019653,765,143.33151817321777,765,143.82069969177246,765,144.30273628234863,765,144.80117273330688,765,145.33687615394592,765,145.84820866584778,765,146.37230038642883,765,147.16892671585083,765,147.7566511631012,765,148.283020734787,765,148.80475497245789,765,149.25999760627747,765,149.76867747306824,765,150.36645245552063,765,150.86838579177856,765,151.38552832603455,765,151.86222386360168,765,152.36171197891235,765,152.8522434234619,765,153.58833503723145,765,154.1223967075348,765,154.7329819202423,765,155.29075837135315,765,156.0299355983734,765,156.5538969039917,765,157.07205605506897,765,157.58066391944885,765,158.11688804626465,765,158.69545912742615,765,159.22911047935486,765,159.7375807762146,765,160.2875955104828,765,160.7756621837616,765,161.46772265434265,765,162.09334659576416,765,162.6235065460205,765,163.19132375717163,765,163.6942014694214,765,164.1754183769226,765,164.67702746391296,765,165.17194724082947,765,165.65405988693237,765,166.1839563846588,765,166.6753625869751,765,167.17682790756226,765,167.63480067253113,765,169.03513765335083,765,169.516441822052,765,169.95320463180542,765,170.4514880180359,765,170.9359745979309,765,171.40211987495422,765,171.91753506660461,765,172.56286096572876,765,173.05150818824768,765,173.55453085899353,765,174.0461642742157,765,174.54975390434265,765,175.0856430530548,765,175.56551861763,765,176.00743079185486,765,176.48371720314026,765,177.00162887573242,765,177.50336360931396,765,177.9752655029297,765,178.53973388671875,765,179.08893251419067,765,179.66477942466736,765,180.15948796272278,765,180.60102009773254,765,181.107923746109,765,181.5572738647461,765,182.03867983818054,765,182.53230476379395,765,183.19637441635132,765,183.70073127746582,765,184.20641803741455,765,184.69575881958008,765,185.19511604309082,765,185.6528935432434,765,186.1583912372589,765,186.6341907978058,765,187.12476634979248,765,187.8597583770752,765,188.34127044677734,765,188.8211371898651,765,189.29304361343384,765,189.73736357688904,765,190.22940468788147,765,190.73102164268494,765,191.19602918624878,765,191.77126455307007,765,192.25813722610474,765,192.73965501785278,765,193.84331917762756,765,194.36697363853455,765,194.92173194885254,765,195.37686038017273,765,195.8462734222412,765,196.30280303955078,765,196.7562198638916,765,197.23914122581482,765,197.71075797080994,765,198.16125297546387,765,198.68477487564087,765,199.16204643249512,765,199.73037433624268,765,200.16884303092957,765,200.64046359062195,765,201.13444590568542,765,201.92328310012817,765,202.56567573547363,765,203.1533613204956,765,203.70639181137085,765,204.22742366790771,765,204.7492311000824,765,205.2444875240326,765,205.72869849205017,765,206.16983485221863,765,206.64088821411133,765,207.1508810520172,765,207.6358482837677,765,208.11914014816284,765,208.61079668998718,765,209.08087396621704,765,209.5840241909027,765,210.17280387878418,765,210.59759426116943,765,211.09598231315613,765,211.56212997436523,765,212.5044527053833,765,213.0105013847351,765,213.52010917663574,765,213.98920679092407,765,214.43391847610474,765,214.90223574638367,765,215.4232041835785,765,216.1304965019226,765,216.6223464012146,765,217.09536290168762,765,217.56729912757874,765,218.03589367866516,765,218.53086161613464,765,219.04084968566895,765,219.5325710773468,765,220.05091500282288,765,220.56795978546143,765,221.05394959449768,765,221.52886986732483,765,222.01028394699097,765,222.5258641242981,765,223.01011300086975,765,224.2763295173645,765,224.76908016204834,765,225.30624675750732,765,225.7653772830963,765,226.33256816864014,765,226.88505220413208,765,227.34613347053528,765,227.91790390014648,765,228.367112159729,765,228.84178614616394,765,229.3659586906433,765,229.85940551757812,765,230.32507991790771,765,230.85950088500977,765,231.3474202156067,765,231.88780426979065,765,232.41438603401184,765,232.94295144081116,765,233.68319702148438,765,234.24140810966492,765,234.80186104774475,765,235.32307362556458,765,235.806880235672,765,236.45528507232666,765,236.93192076683044,765,237.42843389511108,765,237.90866923332214,765,238.39048552513123,765,238.8943967819214,765,239.3976435661316,765,239.82653284072876,765,240.3177890777588,765,240.84124445915222,765,241.37388515472412,765,241.83358120918274,765,242.4483048915863,765,242.89637923240662,765,243.36631727218628,765,243.84683108329773,765,244.35129928588867,765,244.83793687820435,765,245.33596992492676,765,245.8423879146576,765,247.7246651649475,765,248.22426056861877,765,248.70458436012268,765,249.2049663066864,765,249.67599415779114,765,250.1678147315979,765,250.64040350914001,765,251.2722737789154,765,251.75371432304382,765,252.27751636505127,765,252.81868433952332,765,253.31563806533813,765,253.80859780311584,765,254.31558322906494,765,254.82091856002808,765,255.29363441467285,765,255.8181836605072,765,256.4024615287781,765,256.87195587158203,765,257.3968243598938,765,257.84630608558655,765,258.4887843132019,765,259.1039192676544,765,259.6124007701874,765,260.63612508773804,765,261.1254961490631,765,261.6625530719757,765,262.1393976211548,765,262.65318751335144,765,263.1803798675537,765,263.9643635749817,765,264.6971273422241,765,265.16717433929443,765,265.6435317993164,765,266.12969160079956,765,266.64978218078613,765,267.13509130477905,765,267.6088092327118,765,268.38538575172424,765,268.8547546863556,765,269.3508491516113,765,269.78309321403503,765,270.25640177726746,765,270.7404520511627,765,271.22687911987305,765,271.7186510562897,765,272.2831189632416,765,272.80070900917053,765,273.3261659145355,765,273.7843568325043,765,274.27698707580566,765,274.73262882232666,765,275.2763783931732,765,275.7557227611542,765,276.29876232147217,765,276.8446044921875,765,277.340336561203,765,278.28699135780334,765,278.7541105747223,765,279.2732427120209,765,280.3306338787079,765,280.95212841033936,765,281.4017586708069,765,282.13397669792175,765,282.74319338798523,765,283.2200810909271,765,283.72797560691833,765,284.91846466064453,765,285.39878582954407,765,286.00325298309326,765,286.49190306663513,765,287.58464550971985,765,288.7201511859894,765,289.2073712348938,765,289.74363374710083,765,290.22912669181824,765,290.7341775894165,765,291.27667140960693,765,291.73450684547424,765,292.4702134132385,765,292.97347378730774,765,293.5398106575012,765,293.9913914203644,765,294.4416036605835,765,294.9713463783264,765,295.44625782966614,765,296.0563020706177,765,296.5439546108246,765,297.04419326782227,765,297.55085730552673,765,298.2610673904419,765,298.7349154949188,765,299.1979093551636,765,299.70105743408203,765,300.1229991912842
4,random graphs/triangle/r1.5k24n16/graph4.lgbin,6559,255.7368667125702,812,1770,0,1407,1.7177679538726807,1280,3.4909703731536865,1105,5.817692995071411,1018,7.679969072341919,983,8.881250858306885,963,9.613999843597412,937,10.858500242233276,909,12.042023420333862,905,12.746134042739868,900,14.234652042388916,894,15.619092464447021,887,16.568987369537354,882,17.182705879211426,875,18.287670373916626,873,19.371243000030518,871,20.078723192214966,869,20.71099090576172,863,21.415621757507324,857,22.080452919006348,857,23.06391453742981,854,23.71953797340393,854,24.215129613876343,853,25.03496479988098,853,25.712825536727905,853,26.187180757522583,853,27.37364387512207,853,27.923511028289795,853,28.45644211769104,853,29.164691925048828,852,29.959195137023926,851,31.141988277435303,851,31.79116725921631,851,32.87332367897034,851,34.23404860496521,850,35.572874307632446,849,36.68184995651245,849,37.345195055007935,846,38.0698025226593,839,38.7208571434021,839,39.39081406593323,839,40.49561834335327,839,41.64997339248657,838,42.312036991119385,838,43.49333882331848,836,44.66149020195007,836,45.18665099143982,836,45.91314435005188,835,46.5957977771759,835,47.83620762825012,835,48.94776940345764,835,49.540841817855835,835,50.66639423370361,835,51.700743198394775,835,52.82970452308655,835,54.20301938056946,835,55.57260775566101,835,56.06565713882446,835,56.73969841003418,835,57.259437084198,835,57.802993297576904,835,58.308138608932495,835,58.98319697380066,835,59.56501770019531,835,60.536502838134766,835,61.616623401641846,835,62.9594612121582,835,63.484084606170654,835,64.27852272987366,835,64.91905975341797,835,66.0207667350769,835,66.51028323173523,835,67.66476941108704,834,68.43495321273804,833,69.63149642944336,832,70.90513300895691,832,71.4149923324585,831,72.48202610015869,831,72.9660313129425,831,73.62339782714844,831,74.12507033348083,831,75.34913444519043,831,75.93499851226807,831,76.44056177139282,831,77.29686164855957,831,78.15910983085632,831,79.35113739967346,831,80.86109638214111,831,81.36407828330994,830,82.50750398635864,830,83.10166573524475,829,83.71304512023926,829,84.22028684616089,829,85.45062565803528,829,86.17042374610901,829,87.26865816116333,829,88.16181135177612,829,88.65937781333923,829,89.47344899177551,829,90.55268549919128,829,91.80278491973877,829,92.30711889266968,829,93.45123791694641,829,94.45771193504333,829,95.16552948951721,829,95.65569519996643,829,96.87279725074768,829,97.53913140296936,829,98.6637179851532,827,99.3835780620575,827,99.83326578140259,825,100.50454688072205,825,101.49810862541199,825,102.57018041610718,825,103.15358853340149,825,103.95702147483826,825,104.72113633155823,825,105.99230289459229,825,106.45620822906494,825,106.96410369873047,825,109.88129687309265,825,110.568350315094,824,111.72517991065979,824,112.64672303199768,823,113.37192749977112,821,114.46672654151917,820,115.0408263206482,819,116.21119856834412,819,117.32170915603638,819,117.78575015068054,819,118.3254189491272,819,118.90844225883484,819,119.59198331832886,818,120.29194951057434,818,120.78056120872498,818,121.27706408500671,818,122.36350798606873,816,123.54591178894043,816,124.66443347930908,816,125.8716299533844,816,126.34410071372986,816,126.85258102416992,816,128.25361442565918,816,129.29391360282898,816,129.83742427825928,816,130.84913730621338,816,131.45019268989563,816,132.20144820213318,816,133.10612559318542,816,134.07334208488464,816,135.2129933834076,816,136.46968579292297,816,137.49232840538025,816,138.05212211608887,816,139.42424154281616,816,139.9501235485077,816,140.6222538948059,816,141.69596004486084,816,142.3545436859131,816,143.5100269317627,816,143.99876809120178,816,145.29706740379333,816,145.84223055839539,816,146.32796573638916,816,146.86269664764404,816,147.41336941719055,816,148.1878764629364,816,149.40161561965942,816,150.08391165733337,816,150.54478859901428,816,151.19794249534607,816,151.68607664108276,816,152.50998497009277,816,152.98389792442322,816,153.5550148487091,816,154.10211205482483,816,155.3953857421875,816,156.60173082351685,816,157.11708211898804,816,157.78561162948608,816,158.90077590942383,816,160.0853316783905,816,161.2690553665161,816,161.82731008529663,816,163.27959513664246,816,163.75002098083496,816,164.94190526008606,816,165.46037769317627,816,166.09008932113647,816,166.6952714920044,816,167.15689325332642,816,167.77926397323608,816,168.3743577003479,816,168.82640290260315,816,169.37198638916016,816,170.37124252319336,816,171.34719228744507,816,172.17987155914307,816,173.3732557296753,816,174.7430236339569,816,175.22645473480225,816,175.70262265205383,816,176.19254207611084,816,177.0371458530426,816,178.2157428264618,816,178.84351181983948,816,179.41230392456055,816,179.8800449371338,816,180.75904059410095,816,181.72415280342102,816,182.8443021774292,816,184.05744886398315,816,185.92169547080994,816,186.94688487052917,816,187.62737917900085,816,188.11139297485352,816,188.6764793395996,816,189.3062973022461,816,190.33756017684937,816,190.992591381073,816,191.48237228393555,816,192.01366090774536,816,193.0747516155243,816,194.14415073394775,816,194.6611864566803,816,195.88314270973206,816,196.404559135437,816,196.93277311325073,816,197.75176572799683,816,198.2890522480011,816,198.80575799942017,816,199.27690863609314,816,199.88259410858154,816,200.8476390838623,816,201.44619941711426,816,202.74185013771057,816,203.9150140285492,816,204.43466877937317,816,204.97993636131287,816,206.05332827568054,816,207.08223176002502,816,207.6771116256714,816,208.27787733078003,816,208.92585134506226,816,209.55078434944153,816,210.15317153930664,815,210.70565032958984,814,211.3181402683258,814,211.84073519706726,814,212.40223908424377,814,213.16987109184265,814,213.65681958198547,812,214.99137234687805,812,215.50016856193542,812,216.76551175117493,812,217.5210907459259,812,218.72586679458618,812,219.38730382919312,812,219.92257237434387,812,220.46414399147034,812,221.28828692436218,812,221.78164410591125,812,222.8550410270691,812,223.97227144241333,812,224.4578070640564,812,225.76342487335205,812,226.9966185092926,812,227.4783182144165,812,228.20908188819885,812,229.30125999450684,812,230.64737725257874,812,231.9417896270752,812,233.0622522830963,812,233.59449815750122,812,234.62316799163818,812,235.11009573936462,812,236.2507610321045,812,236.77957558631897,812,237.50378894805908,812,238.604074716568,812,239.6999433040619,812,240.8269636631012,812,241.31749653816223,812,242.37881875038147,812,243.3752202987671,812,243.8811149597168,812,244.4027965068817,812,245.45518493652344,812,245.9541220664978,812,246.52840924263,812,247.68098950386047,812,248.41314840316772,812,249.55169892311096,812,250.8593246936798,812,252.05501294136047,812,252.8333191871643,812,253.97979593276978,812,254.5287594795227,812,255.0159649848938,812,255.6712896823883,812,256.2079555988312,812,256.97856545448303,812,257.5521197319031,812,259.35873317718506,812,260.4352443218231,812,261.56958508491516,812,262.2088701725006,812,262.6957788467407,812,263.8470163345337,812,264.4050998687744,812,265.5318977832794,812,266.5665862560272,812,267.66757583618164,812,268.20462584495544,812,269.3758180141449,812,269.8953974246979,812,270.7576234340668,812,271.97966051101685,812,272.4537818431854,812,272.98249650001526,812,274.0986762046814,812,275.3798656463623,812,275.85291838645935,812,276.38204741477966,812,276.86085271835327,812,277.9581308364868,812,279.268696308136,812,279.9708397388458,812,281.1496663093567,812,281.9838309288025,812,282.5132465362549,812,282.98353815078735,812,284.2225456237793,812,284.8482222557068,812,286.4326419830322,812,286.91214990615845,812,287.5293667316437,812,288.36211490631104,812,289.18194913864136,812,289.75971579551697,812,290.2382433414459,812,290.72858452796936,812,291.20571732521057,812,291.6963686943054,812,292.32818627357483,812,293.293416261673,812,293.9473009109497,812,295.2128028869629,812,296.67037439346313,812,297.2333300113678,812,297.7313313484192,812,298.24973607063293,812,298.71834897994995,812,299.1946940422058,812,299.7102646827698,812,300.1340751647949
0,random graphs/triangle/r1.5k24n16/graph0.lgbin,6979,257.6821184158325,795,1739,0,1440,7.9307801723480225,1247,9.073553800582886,1172,9.90902853012085,1122,11.285248756408691,1061,14.33991265296936,1000,15.770121335983276,938,17.36741280555725,913,18.550092220306396,898,20.25076460838318,895,21.564640522003174,888,22.685757160186768,877,23.937774419784546,875,24.83616614341736,858,26.342923402786255,833,27.119170665740967,825,28.265923261642456,823,29.27378010749817,808,30.63924241065979,807,31.4417142868042,802,32.15207076072693,801,32.89235806465149,801,33.66543769836426,801,34.47952222824097,801,35.046605587005615,801,35.88737082481384,800,36.64933514595032,799,38.32149124145508,799,39.64263558387756,799,41.378098011016846,799,42.03194618225098,799,42.81424164772034,799,43.575727701187134,799,44.368857622146606,799,45.52054834365845,799,46.30903768539429,799,46.97433352470398,799,47.570115089416504,799,48.1494722366333,799,48.79678678512573,799,50.076181173324585,799,50.77348494529724,799,51.70820617675781,799,52.22216606140137,799,53.43706250190735,799,54.16962027549744,799,54.762890338897705,799,55.395609617233276,799,56.00188899040222,799,56.76787185668945,799,57.50955772399902,799,58.867215633392334,799,59.62307095527649,799,60.11471605300903,799,60.87674355506897,799,62.02283811569214,799,62.72532343864441,799,63.43573188781738,799,63.98299312591553,798,65.09528970718384,798,65.62718749046326,798,67.15672588348389,798,67.80056595802307,798,68.38278412818909,798,68.99487352371216,798,69.58669710159302,798,70.19322156906128,798,70.87623071670532,798,71.67036724090576,798,72.33679533004761,798,72.95303893089294,798,73.58579015731812,798,75.31128025054932,798,75.8377537727356,798,76.38048243522644,798,77.08105087280273,798,78.58236598968506,798,79.75527787208557,798,80.55659604072571,798,81.37234258651733,798,82.90305638313293,798,84.9186954498291,798,85.46782755851746,798,86.04426193237305,798,87.02915620803833,798,87.60226249694824,798,88.14644813537598,798,88.83531069755554,798,90.5507423877716,798,91.3052990436554,798,91.80642342567444,798,92.33522295951843,798,93.0848343372345,798,93.78079342842102,798,94.83731746673584,798,95.33695936203003,798,96.11668181419373,798,96.64250040054321,798,97.2018723487854,798,97.94394254684448,798,98.55416679382324,798,99.15630912780762,798,99.6865963935852,798,100.27200961112976,798,101.59390687942505,798,102.10848498344421,798,102.67823219299316,798,104.32454895973206,798,104.85832071304321,798,105.36815929412842,798,105.87537407875061,798,107.54127502441406,798,108.08948540687561,798,108.91642618179321,798,109.82226896286011,798,110.43619322776794,798,111.10687303543091,798,112.24850392341614,798,112.84635138511658,798,113.5058343410492,798,114.30974197387695,798,114.86654996871948,798,115.37807750701904,798,117.08256196975708,798,118.69313669204712,798,120.1864333152771,798,121.00159764289856,798,122.29641962051392,798,123.9224214553833,798,125.11816453933716,798,126.84234404563904,798,128.38903427124023,798,128.97367429733276,798,130.55369544029236,798,131.27315592765808,798,132.06734371185303,798,133.60896158218384,798,134.11604976654053,798,134.65356183052063,798,135.16573190689087,798,136.03805923461914,798,137.23721957206726,798,138.32528162002563,798,138.80292582511902,798,139.30117893218994,798,139.81736779212952,798,140.42996382713318,798,141.24705529212952,798,141.80391883850098,798,142.31719589233398,798,143.79804110527039,798,145.16760635375977,798,145.86422395706177,798,146.5207178592682,798,147.15792393684387,798,148.80434465408325,798,149.61547183990479,798,151.32314491271973,798,152.02176189422607,798,152.80328845977783,798,153.6221945285797,798,154.88495540618896,798,155.69933152198792,798,157.27234411239624,798,158.10473370552063,798,158.71189832687378,798,159.4456615447998,798,160.01649403572083,798,160.74052500724792,798,161.31315517425537,798,162.0786681175232,798,162.9563500881195,798,163.61976170539856,798,164.1366605758667,798,164.76394867897034,798,165.31388401985168,798,166.1027433872223,798,167.74713468551636,798,168.57870769500732,798,169.24694919586182,798,170.08109617233276,798,171.20275282859802,798,171.75793981552124,798,172.54273509979248,796,174.69893956184387,796,176.20750522613525,796,176.81818294525146,796,177.62034010887146,796,178.15632700920105,796,178.754252910614,796,179.556378364563,796,180.58853030204773,796,181.1300563812256,796,181.93773293495178,796,182.62108874320984,796,183.91737627983093,796,184.4183588027954,796,185.55907607078552,796,186.36235809326172,796,186.99536085128784,796,188.38011717796326,795,189.49968600273132,795,190.64527893066406,795,191.16649341583252,795,191.731365442276,795,192.2692141532898,795,192.7972378730774,795,193.4274547100067,795,194.0581305027008,795,195.30174851417542,795,195.80366468429565,795,196.4924831390381,795,197.044682264328,795,197.75164818763733,795,198.36919808387756,795,199.58736562728882,795,201.13803362846375,795,201.74262356758118,795,202.3629596233368,795,203.5511384010315,795,205.04664993286133,795,205.62809467315674,795,206.37713503837585,795,207.95838570594788,795,208.54792833328247,795,209.3098428249359,795,209.8556022644043,795,210.65160989761353,795,211.93698692321777,795,212.57852172851562,795,214.10811924934387,795,214.66338300704956,795,215.95035219192505,795,216.5057966709137,795,217.43572664260864,795,217.99475979804993,795,218.56435918807983,795,219.16884851455688,795,220.44581151008606,795,221.34891629219055,795,222.65571665763855,795,224.1863498687744,795,224.98324012756348,795,225.71751594543457,795,226.2745394706726,795,227.88030743598938,795,229.34283566474915,795,229.98075532913208,795,231.26579117774963,795,231.75861477851868,795,232.88707494735718,795,234.37592124938965,795,235.94254755973816,795,237.41497087478638,795,238.5831024646759,795,239.38205766677856,795,239.94460797309875,795,240.59417009353638,795,242.62567043304443,795,243.45854544639587,795,244.17812180519104,795,244.89590311050415,795,246.15760040283203,795,246.91913485527039,795,247.49561285972595,795,248.12259554862976,795,248.80423784255981,795,249.44499349594116,795,250.02919697761536,795,250.8391134738922,795,251.61078453063965,795,252.23697566986084,795,252.8039870262146,795,253.61495232582092,795,254.34545826911926,795,255.020090341568,795,255.7178885936737,795,256.59880805015564,795,257.97705936431885,795,258.6935782432556,795,259.2748529911041,795,259.9911744594574,795,260.5868971347809,795,261.1830313205719,795,262.07138872146606,795,263.5125768184662,795,265.13235664367676,795,266.67764139175415,795,267.3833816051483,795,268.90673995018005,795,269.4561791419983,795,270.1030900478363,795,270.68099999427795,795,271.4548602104187,795,272.22236728668213,795,272.85580492019653,795,274.18306517601013,795,274.79969239234924,795,275.95669889450073,795,276.6000518798828,795,277.4722988605499,795,277.9667913913727,795,278.5981035232544,795,279.3511772155762,795,280.1067519187927,795,280.89483618736267,795,281.473286151886,795,281.98586201667786,795,282.59215235710144,795,283.4769434928894,795,284.02577662467957,795,284.55643606185913,795,285.1376836299896,795,286.65460729599,795,287.45663189888,795,288.1102828979492,795,288.78933691978455,795,289.6455612182617,795,291.01716232299805,795,292.50784730911255,795,293.074627161026,795,293.90700578689575,795,294.49142503738403,795,295.02456164360046,795,295.7951204776764,795,296.41261053085327,795,297.0087893009186,795,298.62141275405884,795,300.02534103393555
1,random graphs/triangle/r1.5k24n16/graph1.lgbin,6979,255.36434602737427,744,1622,0,1295,1.9130833148956299,1140,4.003292560577393,1062,4.561317443847656,1017,6.298831224441528,985,8.045801162719727,913,9.649458885192871,901,11.099309206008911,862,11.849184274673462,847,12.715655088424683,837,13.664938688278198,822,15.068049669265747,802,16.06092095375061,800,17.738176822662354,788,18.66315221786499,783,19.260201454162598,773,20.429222583770752,769,21.073887825012207,766,22.430716514587402,760,23.939590454101562,758,24.65975260734558,758,25.33591341972351,757,26.13503623008728,757,27.59939670562744,757,28.885315656661987,756,29.827844858169556,751,30.4301335811615,751,31.123705625534058,750,31.791499853134155,750,32.36167097091675,750,33.99786853790283,750,34.72076392173767,750,35.21447801589966,750,37.039113998413086,750,37.78482627868652,750,39.28718185424805,750,40.07986855506897,750,41.11758613586426,750,42.009631872177124,750,42.8595016002655,750,43.701780796051025,748,44.334619998931885,748,44.88922095298767,748,45.4193971157074,748,46.058472871780396,748,46.87131309509277,748,48.055280923843384,748,48.774373292922974,748,49.39688301086426,748,50.108020067214966,748,50.67354607582092,748,51.4559211730957,748,52.20039105415344,747,52.85589265823364,747,53.60248613357544,747,54.0795419216156,747,54.733508586883545,746,55.50255084037781,746,56.503103494644165,746,57.09876585006714,746,57.77083206176758,745,58.800395250320435,744,59.494277000427246,744,60.18180012702942,744,60.86432456970215,744,63.65239930152893,744,64.19663190841675,744,64.81997919082642,744,65.46092772483826,744,66.14482831954956,744,67.14495968818665,744,67.72356963157654,744,68.21528482437134,744,68.81619930267334,744,69.32102274894714,744,70.03788232803345,744,72.11777377128601,744,72.77823042869568,744,73.42864203453064,744,73.88012480735779,744,75.42497563362122,744,76.44414710998535,744,77.06492161750793,744,77.72682595252991,744,78.347097158432,744,78.94662737846375,744,79.5985734462738,744,80.14186644554138,744,81.01228928565979,744,81.59881901741028,744,82.06372427940369,744,84.4782452583313,744,85.10009837150574,744,85.75627660751343,744,87.60011792182922,744,88.2853934764862,744,89.74881672859192,744,90.40162968635559,744,90.95033597946167,744,91.99638104438782,744,92.54034161567688,744,93.14053678512573,744,93.82358622550964,744,94.41502690315247,744,95.01836776733398,744,95.73095178604126,744,96.42300987243652,744,97.09968090057373,744,97.96121263504028,744,98.6870596408844,744,99.50281429290771,744,100.09726643562317,744,100.64478707313538,744,101.17924737930298,744,101.8326370716095,744,103.35787081718445,744,103.96493220329285,744,104.7065372467041,744,106.22159433364868,744,106.82806324958801,744,107.53200697898865,744,108.0819833278656,744,108.64785051345825,744,110.03652358055115,744,110.48516631126404,744,111.19641065597534,744,111.76918983459473,744,112.40656113624573,744,113.4291341304779,744,113.90367937088013,744,115.66028761863708,744,117.72232985496521,744,118.2314965724945,744,119.01102471351624,744,119.47221755981445,744,120.05230402946472,744,120.6417989730835,744,121.48075318336487,744,121.98606014251709,744,122.69813799858093,744,124.16485714912415,744,124.65933895111084,744,126.88603591918945,744,127.50164103507996,744,128.04385113716125,744,128.56992626190186,744,129.77683806419373,744,130.35283064842224,744,131.0829427242279,744,131.79910707473755,744,133.4821560382843,744,134.31754302978516,744,135.7288155555725,744,136.2338581085205,744,136.8044879436493,744,138.52844834327698,744,139.07171726226807,744,139.7665297985077,744,140.4590299129486,744,141.23517990112305,744,142.26862978935242,744,143.77043080329895,744,145.3011555671692,744,146.0185091495514,744,146.48527932167053,744,147.24912810325623,744,147.7811734676361,744,148.5922908782959,744,149.11982345581055,744,149.59232378005981,744,150.15776872634888,744,150.75993657112122,744,152.24767661094666,744,153.72046947479248,744,154.97176885604858,744,155.48044228553772,744,156.0724654197693,744,156.70802116394043,744,157.34757471084595,744,157.9404776096344,744,158.53462719917297,744,159.20576214790344,744,159.7745110988617,744,160.33489179611206,744,161.02237606048584,744,161.5150182247162,744,162.297602891922,744,162.8877935409546,744,163.5634262561798,744,164.15117120742798,744,164.69907760620117,744,165.2956850528717,744,166.02956771850586,744,166.68527150154114,744,167.4244089126587,744,168.1046426296234,744,170.0342185497284,744,170.69373416900635,744,172.31275939941406,744,172.7988224029541,744,173.4583420753479,744,173.97078347206116,744,175.64156556129456,744,176.3111069202423,744,177.8867437839508,744,178.37153673171997,744,179.04625725746155,744,180.4298231601715,744,181.08798241615295,744,181.59711122512817,744,182.22322988510132,744,182.73780727386475,744,183.27758932113647,744,183.93143844604492,744,184.55797243118286,744,186.20602297782898,744,186.8413281440735,744,187.75225257873535,744,188.32121896743774,744,189.24321293830872,744,189.87860107421875,744,190.45467972755432,744,191.18143725395203,744,192.72114157676697,744,195.1456208229065,744,195.7826521396637,744,196.22354912757874,744,196.74259877204895,744,197.28649926185608,744,197.94610738754272,744,198.42377924919128,744,199.0203070640564,744,199.7134826183319,744,200.87530088424683,744,201.5557017326355,744,202.10387325286865,744,203.70423340797424,744,204.35959243774414,744,205.7742018699646,744,206.25913548469543,744,207.92110991477966,744,208.56790161132812,744,209.0526306629181,744,209.4709129333496,744,210.0160391330719,744,210.78617763519287,744,211.34125471115112,744,211.81144070625305,744,212.39980173110962,744,212.9901077747345,744,213.5351791381836,744,213.9996109008789,744,214.5176703929901,744,214.98380708694458,744,215.5047595500946,744,217.08676934242249,744,217.6901614665985,744,220.17443013191223,744,221.51068663597107,744,221.94813299179077,744,223.46831703186035,744,224.09069108963013,744,224.81344866752625,744,225.87800908088684,744,226.39451670646667,744,226.91021394729614,744,227.74163269996643,744,228.22568559646606,744,228.90552043914795,744,229.53229355812073,744,230.01456832885742,744,230.47670245170593,744,232.46279406547546,744,233.02079367637634,744,233.64419984817505,744,234.84384965896606,744,235.4570345878601,744,236.07974910736084,744,236.6197271347046,744,237.46892261505127,744,238.09875988960266,744,239.14592051506042,744,239.82245707511902,744,240.32769083976746,744,240.82584190368652,744,241.34600162506104,744,242.48493885993958,744,242.93451571464539,744,243.64444041252136,744,245.30947089195251,744,245.94484639167786,744,246.71339464187622,744,247.20679998397827,744,248.01056814193726,744,249.76825737953186,744,251.32341885566711,744,251.88452768325806,744,253.65978503227234,744,254.12700700759888,744,254.7399342060089,744,255.3940498828888,744,255.96875500679016,744,256.6624779701233,744,257.19541358947754,744,257.6930134296417,744,258.228257894516,744,258.8107316493988,744,259.569757938385,744,260.0261435508728,744,261.72029209136963,744,262.40380859375,744,263.0801565647125,744,264.3469989299774,744,265.00873589515686,744,266.8548276424408,744,267.52287101745605,744,268.114933013916,744,268.7933931350708,744,269.30393743515015,744,271.07271671295166,744,271.6048102378845,744,272.9808044433594,744,273.66303062438965,744,274.29232573509216,744,274.913126707077,744,275.5709195137024,744,276.0800096988678,744,276.5876307487488,744,278.780091047287,744,279.44864678382874,744,280.10574173927307,744,280.7764000892639,744,281.4128816127777,744,282.0235011577606,744,282.7174108028412,744,283.83699083328247,744,284.36637806892395,744,284.9498760700226,744,285.506450176239,744,286.05799102783203,744,286.54261589050293,744,287.7305917739868,744,288.2466435432434,744,288.90619468688965,744,289.5656213760376,744,290.1815164089203,744,290.74907660484314,744,292.30950117111206,744,292.83976697921753,744,294.02685379981995,744,294.5367503166199,744,295.03524684906006,744,295.7430543899536,744,296.2270953655243,744,296.74123668670654,744,297.4853653907776,744,298.0413863658905,744,298.5647225379944,744,299.0982973575592,744,299.6106734275818,744,300.1258285045624
2,random graphs/triangle/r1.5k24n16/graph2.lgbin,6979,264.7804889678955,773,1672,0,1331,2.2702383995056152,1138,11.633586168289185,1043,13.438601970672607,969,14.774543523788452,929,16.130622625350952,907,17.925270318984985,889,18.7818922996521,875,21.6812641620636,858,22.832319021224976,848,26.294952630996704,836,28.51515555381775,830,30.00264286994934,829,31.306474447250366,822,32.636536836624146,821,34.66092300415039,817,36.989476442337036,817,37.764662981033325,816,39.18027901649475,815,41.950955390930176,814,42.950610876083374,813,43.93444776535034,813,44.61237144470215,813,45.556915044784546,813,46.19494318962097,813,47.89082932472229,813,50.064685583114624,813,50.67599821090698,813,51.50419807434082,813,52.18338489532471,813,52.93964624404907,812,54.1963746547699,812,54.95058083534241,804,56.6642062664032,804,57.55680537223816,804,58.18102669715881,800,58.89194083213806,800,59.58726358413696,800,60.18738150596619,800,61.1598687171936,798,63.06129550933838,797,63.687395334243774,794,64.76294207572937,794,65.42654776573181,794,66.65023350715637,793,67.97653818130493,793,69.36473345756531,792,70.6295850276947,789,71.38404512405396,788,72.02719950675964,787,72.73171734809875,787,73.59452033042908,787,74.26073002815247,787,75.30241870880127,787,76.04648923873901,786,76.6943211555481,786,77.45589232444763,786,78.24154496192932,786,79.56445932388306,786,80.08639073371887,786,80.90748763084412,786,82.276535987854,786,84.40264892578125,786,85.58416795730591,786,86.85756039619446,786,87.43695735931396,786,88.4242091178894,786,89.45568919181824,786,90.17912888526917,785,91.07788729667664,783,92.4441602230072,782,93.32055807113647,782,93.96940493583679,782,94.69805216789246,782,95.36893129348755,782,95.90794157981873,782,96.59350204467773,782,97.21029543876648,782,99.85035705566406,782,101.04573583602905,781,103.3004093170166,781,104.0918755531311,781,105.96129822731018,781,106.68315267562866,781,107.31019163131714,781,108.00256180763245,781,108.6238706111908,781,109.88384938240051,781,110.38339638710022,781,111.80204916000366,781,112.60491013526917,781,113.386958360672,777,114.04667282104492,777,114.60773038864136,777,115.23914313316345,777,115.84737062454224,777,116.42311787605286,777,117.02549839019775,777,117.60369277000427,777,118.15252923965454,777,119.63009977340698,777,120.3486385345459,777,120.93020701408386,777,121.82946276664734,777,122.62033581733704,776,124.07529592514038,776,124.69317317008972,776,125.44672775268555,776,126.32073044776917,776,127.10317969322205,776,127.68105864524841,776,128.24721360206604,776,129.20347261428833,776,129.8480567932129,776,131.20357251167297,776,131.72665786743164,776,132.33480048179626,776,133.55511283874512,776,134.72056031227112,776,135.59023356437683,776,136.44545340538025,776,137.16007804870605,776,138.575053691864,776,139.35022020339966,776,140.5735204219818,776,141.1193745136261,776,142.5494875907898,776,143.11725759506226,776,143.7337908744812,776,144.58587908744812,776,145.20919108390808,776,146.87634420394897,776,147.90102982521057,776,148.62114691734314,776,149.43223214149475,776,150.24538040161133,776,150.7952320575714,776,151.8057668209076,776,153.18205189704895,776,154.5001356601715,776,155.0620939731598,776,156.4271638393402,776,157.55353569984436,776,158.8571183681488,776,159.5176477432251,776,160.16250348091125,776,161.17489051818848,776,161.70709609985352,776,162.30967593193054,776,163.0976104736328,776,163.62415170669556,776,164.20741248130798,776,164.9784758090973,776,165.5436134338379,776,166.26117062568665,776,166.8810682296753,776,167.67033433914185,776,168.86573004722595,776,170.06210017204285,776,170.82240080833435,776,175.05891728401184,776,176.08616495132446,776,176.87426900863647,776,177.53333020210266,776,179.2250428199768,776,181.50400948524475,776,182.01526737213135,776,184.25069427490234,776,184.83969354629517,776,185.39269971847534,776,186.19102597236633,776,186.76155805587769,776,187.54969882965088,776,188.64255595207214,776,191.61225390434265,776,193.09089159965515,776,194.8990182876587,776,196.36247491836548,776,197.8757541179657,776,198.51666951179504,776,199.31717538833618,776,200.05456733703613,776,200.62530755996704,776,201.18809819221497,776,202.02020120620728,776,203.44187378883362,776,204.1511824131012,776,204.8707036972046,776,206.0112235546112,776,206.8136019706726,776,207.53467392921448,776,208.12706351280212,776,208.71407079696655,776,209.34984636306763,776,210.3002541065216,776,210.95588374137878,776,211.4558069705963,776,212.18367528915405,776,212.71647262573242,776,213.23538637161255,776,213.75191521644592,776,214.53259778022766,776,215.7404170036316,776,216.3075520992279,776,217.0299289226532,776,217.62522912025452,776,218.75104546546936,776,219.97674894332886,776,220.5279505252838,776,221.59947085380554,776,222.24714541435242,776,222.74037671089172,776,223.26977729797363,776,224.42026209831238,776,225.1762499809265,776,225.75074005126953,776,226.30068635940552,776,228.66862869262695,776,229.41650080680847,776,229.9612798690796,776,230.48255825042725,776,231.03582787513733,776,231.64750003814697,776,232.45971202850342,776,233.8951244354248,776,234.55599808692932,774,235.25583481788635,773,236.42629480361938,773,237.74216437339783,773,240.5637195110321,773,241.07198405265808,773,241.7141773700714,773,242.39655923843384,773,242.93847751617432,773,243.46666383743286,773,244.0688760280609,773,245.8574357032776,773,247.30233097076416,773,247.81627750396729,773,250.02110958099365,773,251.1014006137848,773,253.01772117614746,773,254.15458273887634,773,255.1056010723114,773,255.7136745452881,773,256.5268712043762,773,257.12861943244934,773,258.01173734664917,773,258.581992149353,773,259.31913208961487,773,260.5973696708679,773,262.89788269996643,773,264.27720046043396,773,264.8205635547638,773,266.3958251476288,773,267.6529657840729,773,268.14636039733887,773,268.88229060173035,773,269.93285298347473,773,270.8932075500488,773,271.9120583534241,773,272.5808832645416,773,273.4561879634857,773,274.62384510040283,773,275.24746656417847,773,276.08789706230164,773,276.7475800514221,773,277.7152433395386,773,278.3215973377228,773,278.91865634918213,773,280.07091641426086,773,280.6160054206848,773,282.1078929901123,773,283.57646656036377,773,284.1329243183136,773,284.73033833503723,773,285.68994402885437,773,286.4799575805664,773,286.97554206848145,773,287.7476849555969,773,288.48804545402527,773,289.1073760986328,773,289.8224229812622,773,290.9918007850647,773,294.4065673351288,773,295.0481050014496,773,295.6862256526947,773,296.34650897979736,773,296.98051834106445,773,300.1357011795044
3,random graphs/triangle/r1.5k24n16/graph3.lgbin,6979,242.48214268684387,757,1682,0,1342,3.871812105178833,1096,5.367511510848999,986,6.793675661087036,912,7.794277191162109,878,8.804821968078613,858,10.506910562515259,835,12.067243337631226,806,12.716599702835083,797,13.450518369674683,796,14.337525844573975,790,14.9994797706604,786,15.627025365829468,783,16.467056035995483,783,17.131153106689453,783,17.688715934753418,783,18.248942613601685,783,18.763875722885132,781,19.520416736602783,781,20.606136798858643,781,21.245038509368896,777,21.956144332885742,775,23.256163120269775,775,23.785496711730957,775,24.35847783088684,775,24.88554620742798,775,25.605100393295288,775,26.196096897125244,774,26.806122541427612,774,28.348262071609497,774,28.900214672088623,774,29.512574672698975,773,30.13585901260376,770,31.433216333389282,770,31.96643614768982,770,32.78544640541077,770,33.35894775390625,770,33.87001323699951,770,34.42529845237732,770,35.252370834350586,770,35.82084345817566,770,36.47740864753723,770,37.05570459365845,770,37.761067390441895,770,38.29978370666504,770,38.86833953857422,769,39.61958956718445,769,40.1366925239563,769,40.66722059249878,769,41.351993799209595,769,42.170403242111206,769,43.078766107559204,769,43.69938659667969,769,44.25303053855896,769,44.780845642089844,769,45.265034198760986,769,45.933329582214355,769,46.55520963668823,769,47.10495376586914,769,47.58866238594055,769,48.16433119773865,769,48.69731879234314,769,49.30510473251343,769,49.76797890663147,769,50.231247425079346,769,50.76130509376526,769,51.27590990066528,769,51.8674693107605,769,52.36675572395325,769,52.94020628929138,769,53.42059683799744,769,54.034862995147705,769,54.60028290748596,769,55.23741340637207,769,55.76179909706116,769,56.31625056266785,769,56.88300681114197,769,57.455302238464355,769,57.99188494682312,769,58.512333154678345,769,59.002824544906616,769,59.552751541137695,769,60.065889835357666,769,60.54209899902344,769,61.16299629211426,769,61.72636842727661,769,62.4130642414093,769,63.16293740272522,769,63.774951457977295,769,64.29512071609497,769,64.7900722026825,769,65.49779438972473,769,66.08172702789307,769,66.5926411151886,769,67.181232213974,769,67.9969916343689,769,68.50058460235596,769,68.99490070343018,769,69.48945879936218,769,69.99938726425171,769,70.55748081207275,769,71.36932873725891,769,71.99508428573608,769,72.547203540802,769,73.08664774894714,769,73.65395760536194,769,74.39443635940552,769,74.9389762878418,769,75.52573299407959,769,76.06066989898682,769,76.57870650291443,769,77.11210632324219,769,77.83793020248413,769,78.43424987792969,769,78.97946095466614,769,79.52321410179138,769,80.67537117004395,769,81.19119834899902,769,81.75408911705017,769,82.37175989151001,769,82.87374639511108,769,83.4909508228302,769,84.01908206939697,769,84.55843186378479,769,85.36158204078674,769,86.0009036064148,769,86.50812554359436,769,86.98991346359253,769,87.70624923706055,769,88.22786974906921,769,88.93246936798096,769,89.44343852996826,769,89.96579360961914,769,90.49623990058899,769,91.0206687450409,769,91.5254135131836,769,92.2246367931366,769,92.73676657676697,769,93.52746558189392,769,94.66393089294434,769,95.25667214393616,769,96.2489583492279,769,96.78385710716248,769,97.30489110946655,769,97.82054924964905,769,98.32124090194702,769,98.88238835334778,769,99.52489304542542,769,100.07526302337646,769,100.60059356689453,769,101.26739120483398,769,101.7278745174408,769,102.54246234893799,769,103.33317518234253,769,103.86346244812012,769,104.32801079750061,769,104.87141108512878,769,105.75666952133179,769,106.43298244476318,769,107.30582976341248,769,107.79288578033447,769,108.9160795211792,769,109.5067412853241,769,110.01304268836975,769,110.51702356338501,769,111.16244578361511,769,111.63435125350952,769,112.12658476829529,769,113.43929505348206,769,114.21977043151855,769,114.70532393455505,769,115.28329515457153,769,115.8696608543396,769,116.44698143005371,769,116.95968389511108,769,117.45326662063599,769,117.89445281028748,769,118.34734582901001,769,119.05501937866211,769,119.58962512016296,769,120.11104393005371,769,120.67577886581421,769,121.32435297966003,769,122.11641645431519,769,122.77498292922974,769,123.9699490070343,769,124.46780514717102,769,124.97643208503723,769,125.4737639427185,769,126.0180344581604,769,126.7556836605072,769,127.34064865112305,769,127.83745765686035,769,128.46650218963623,769,129.00425219535828,769,129.54475021362305,769,130.07528734207153,769,130.59659576416016,769,131.09639763832092,769,131.79523944854736,769,132.54982209205627,769,133.29268646240234,769,133.8030242919922,769,134.35511898994446,769,134.9367799758911,769,135.64023756980896,769,136.23102068901062,769,136.7469024658203,769,137.77833223342896,769,138.3779468536377,769,138.8933401107788,769,139.4673182964325,769,139.94081115722656,769,140.7607066631317,769,141.39585089683533,769,141.92847514152527,769,142.44984483718872,769,142.93303751945496,769,143.5132040977478,769,144.0394332408905,769,145.12292885780334,769,145.62525701522827,769,146.23793506622314,769,146.73725628852844,769,147.26652836799622,769,148.04755759239197,769,148.805513381958,769,149.31876969337463,769,150.22433733940125,769,150.7206883430481,769,151.35832142829895,769,152.02052402496338,769,152.6150267124176,769,153.18387508392334,769,153.67798447608948,769,154.2466175556183,769,154.91258120536804,769,155.41657042503357,769,155.92780447006226,769,156.40456199645996,769,156.9190273284912,769,157.47719931602478,769,157.98553228378296,769,158.79982328414917,769,159.30575108528137,769,159.97254180908203,769,160.682923078537,769,161.228098154068,769,162.00318598747253,769,162.58886981010437,769,163.0903663635254,769,163.57067489624023,769,164.09811234474182,769,164.60962796211243,769,165.11979913711548,769,165.7241415977478,769,166.28656840324402,769,166.90028595924377,769,167.39703941345215,769,168.12612628936768,769,168.73956108093262,769,169.98340463638306,769,171.67357110977173,769,172.73826837539673,769,173.25840759277344,769,173.78223133087158,769,174.33830761909485,769,175.0499303340912,769,175.88951683044434,769,176.52647995948792,769,177.0856580734253,769,177.6657874584198,769,178.1445758342743,769,178.7767083644867,769,179.27910351753235,769,179.77692365646362,769,180.38152074813843,769,180.9657220840454,769,181.55276250839233,768,182.63402700424194,767,183.4067234992981,767,183.87227725982666,767,184.36925101280212,767,184.91868591308594,767,185.41831469535828,767,185.99331521987915,767,186.73990774154663,767,187.61581110954285,767,188.09345865249634,767,188.76380038261414,767,189.33772039413452,767,189.82730746269226,767,190.39644956588745,767,192.17534637451172,767,192.8493046760559,767,193.45060205459595,767,193.89269471168518,767,194.4295780658722,767,195.0087559223175,767,195.55710983276367,767,196.11803030967712,767,196.64397382736206,767,197.17709755897522,767,197.6241011619568,767,198.22382068634033,767,198.8139579296112,767,199.32747173309326,767,199.85043239593506,767,200.97338962554932,765,201.62788677215576,763,202.3247354030609,762,202.96787238121033,762,203.62915134429932,761,204.39840078353882,759,205.04900407791138,759,205.56799817085266,759,206.08992171287537,759,206.65678429603577,759,207.67740869522095,759,208.31621646881104,759,208.86145758628845,759,209.3423900604248,759,209.85932660102844,759,210.3586461544037,759,210.94334602355957,759,211.5188431739807,759,212.10894131660461,759,212.67590522766113,759,213.21685218811035,759,213.7603144645691,759,214.3655650615692,759,214.95744442939758,759,215.4946882724762,759,216.0359525680542,759,216.54781556129456,759,217.07445073127747,759,217.60246586799622,759,218.10775685310364,759,218.65606141090393,758,219.26586604118347,757,219.91776871681213,757,220.5636863708496,757,221.33616662025452,757,221.8337824344635,757,222.36607217788696,757,223.0620014667511,757,223.82302570343018,757,224.3763406276703,757,224.8745608329773,757,225.60493659973145,757,226.09771251678467,757,226.61674094200134,757,227.1193356513977,757,227.7035768032074,757,228.16664934158325,757,228.6623833179474,757,229.16675567626953,757,229.76345539093018,757,230.29976296424866,757,230.77954268455505,757,231.85309076309204,757,232.38891530036926,757,232.94830703735352,757,233.456636428833,757,233.94283199310303,757,234.51727318763733,757,235.04239058494568,757,235.5437352657318,757,236.06061100959778,757,236.6273696422577,757,237.1729598045349,757,237.67798829078674,757,238.3484058380127,757,238.95646214485168,757,239.6591989994049,757,240.86664843559265,757,241.36714696884155,757,241.90173625946045,757,242.4635031223297,757,242.97485280036926,757,243.99268889427185,757,244.51599669456482,757,245.40152430534363,757,245.89365005493164,757,246.4716055393219,757,246.99453020095825,757,247.51169347763062,757,248.5239896774292,757,249.5345482826233,757,250.0387477874756,757,250.59694242477417,757,251.1023006439209,757,251.79435396194458,757,252.26077556610107,757,252.7739338874817,757,253.28726482391357,757,253.8747308254242,757,254.4227650165558,757,255.12577438354492,757,255.70508742332458,757,256.2721903324127,757,256.8015549182892,757,257.26415371894836,757,257.79525446891785,757,258.31531739234924,757,258.8523111343384,757,259.4174883365631,757,259.89578771591187,757,260.532030582428,757,261.0135977268219,757,261.8319592475891,757,262.332377910614,757,262.91939306259155,757,263.4799132347107,757,264.2410554885864,757,264.7727689743042,757,265.32086634635925,757,265.8386855125427,757,267.1505675315857,757,267.6824514865875,757,268.2535045146942,757,268.8427107334137,757,269.36561393737793,757,270.00229597091675,757,271.03865909576416,757,271.57418036460876,757,272.213045835495,757,272.7519760131836,757,273.2663276195526,757,274.03616428375244,757,274.72732615470886,757,275.1960995197296,757,276.06076192855835,757,276.61529874801636,757,277.13987493515015,757,277.71814799308777,757,278.32920813560486,757,278.94971656799316,757,279.44030570983887,757,279.95380091667175,757,280.4719920158386,757,280.9232141971588,757,281.5040979385376,757,282.0510823726654,757,282.61162424087524,757,283.13216161727905,757,283.62809205055237,757,284.24051117897034,757,284.7516460418701,757,285.2520487308502,757,285.7581887245178,757,286.2717468738556,757,286.83411288261414,757,287.3429718017578,757,287.84581995010376,757,288.35029792785645,757,288.9460699558258,757,289.58543968200684,757,290.0916438102722,757,290.712441444397,757,291.34396624565125,757,291.87934398651123,757,292.394633769989,757,292.9330916404724,757,293.4327435493469,757,294.06670928001404,757,294.76196336746216,757,295.3058772087097,757,295.9404368400574,757,296.60298347473145,757,297.16890835762024,757,297.6894953250885,757,298.153037071228,757,298.6240940093994,757,299.91467356681824,757,300.13177585601807
4,random graphs/triangle/r1.5k24n16/graph4.lgbin,6979,261.556147813797,843,1770,0,1342,2.063262462615967,1205,4.163061857223511,1048,5.414276599884033,1007,6.3501341342926025,939,8.141283512115479,922,9.445996761322021,912,10.754516839981079,905,12.522562265396118,902,13.82397198677063,898,15.288566589355469,887,15.971933841705322,885,17.343432188034058,875,18.091490030288696,868,19.546902894973755,867,20.09700846672058,862,20.900251388549805,859,22.15763783454895,859,23.282909631729126,858,24.077540159225464,857,25.26003670692444,855,26.47389554977417,855,27.604438066482544,855,29.002626419067383,853,29.663567066192627,852,30.50201153755188,852,31.87112021446228,852,32.93538045883179,852,33.496745347976685,852,34.14792466163635,852,35.45231318473816,852,36.04340124130249,851,36.82186269760132,851,38.2917115688324,851,39.44598054885864,851,40.62643361091614,851,41.762961864471436,851,42.53843092918396,851,43.62882375717163,851,44.16783690452576,851,45.61582899093628,851,46.83989953994751,851,47.32943034172058,851,48.71756339073181,851,49.26443147659302,851,50.391647815704346,851,51.21984624862671,851,52.63357591629028,851,53.16157293319702,851,54.526238441467285,851,55.686774253845215,851,56.210131883621216,851,57.509286403656006,851,58.37069487571716,851,58.91968297958374,851,60.9491286277771,851,62.445791721343994,851,63.84588050842285,851,65.1069564819336,851,65.74752855300903,851,66.32153940200806,851,67.61141848564148,851,68.1345808506012,851,68.70243334770203,851,69.93037104606628,851,71.16449451446533,851,72.24847102165222,851,72.83725571632385,851,73.37222290039062,850,74.45619988441467,849,75.08956837654114,849,75.68546891212463,849,76.21999168395996,849,76.74760580062866,849,77.2570424079895,849,78.41942000389099,849,79.42143607139587,849,80.65055108070374,849,81.17216110229492,849,81.81374001502991,849,82.96955466270447,849,83.52534794807434,849,84.04761624336243,849,84.59979820251465,849,85.77517342567444,849,87.02496361732483,849,88.10451531410217,849,88.88115549087524,849,90.04792642593384,849,91.38015127182007,849,92.55644655227661,849,93.05836701393127,849,93.61482572555542,849,94.1364471912384,849,95.30650281906128,849,95.82951211929321,849,97.1424298286438,849,98.3898491859436,847,99.55130338668823,847,100.77647423744202,846,101.73530316352844,845,102.84195804595947,845,104.03104996681213,845,105.15651392936707,845,106.43130350112915,845,107.03426837921143,845,107.5770378112793,845,108.68270587921143,845,110.05651545524597,845,111.96423864364624,845,113.0893018245697,845,114.31137084960938,845,115.41208505630493,845,118.73776698112488,845,120.00275492668152,845,120.49470448493958,843,122.06413960456848,843,123.30805468559265,843,123.83642578125,843,124.34881091117859,843,124.87931966781616,843,126.08228540420532,843,126.61441445350647,843,127.74623990058899,843,128.41041111946106,843,129.70834755897522,843,130.43061518669128,843,131.00255727767944,843,132.2830684185028,843,132.80899953842163,843,134.2182674407959,843,135.11364841461182,843,136.33460521697998,843,137.0209183692932,843,137.5450038909912,843,139.09539031982422,843,139.64992928504944,843,140.70682001113892,843,141.3297221660614,843,142.05562925338745,843,142.63894534111023,843,143.18519806861877,843,144.50060606002808,843,145.09240436553955,843,145.86724662780762,843,146.9125943183899,843,147.54187870025635,843,148.81118321418762,843,149.37811613082886,843,150.63631916046143,843,151.4141709804535,843,152.1698112487793,843,153.62179350852966,843,154.12154173851013,843,155.35649967193604,843,156.8417911529541,843,158.0912160873413,843,159.3981330394745,843,160.1501235961914,843,160.69366550445557,843,161.91133880615234,843,163.14763164520264,843,164.32669973373413,843,164.84971976280212,843,165.94983768463135,843,167.09042978286743,843,167.67382907867432,843,168.98112678527832,843,169.59502935409546,843,170.13033175468445,843,171.42108464241028,843,172.5387306213379,843,173.84920406341553,843,175.12270307540894,843,175.74319171905518,843,176.8402180671692,843,177.77272701263428,843,178.30408096313477,843,178.85682225227356,843,179.55256271362305,843,180.8276879787445,843,181.65978813171387,843,182.20161271095276,843,183.27840447425842,843,183.8658139705658,843,184.4703767299652,843,185.00597643852234,843,185.51027417182922,843,186.01453757286072,843,187.20305061340332,843,187.7455632686615,843,188.47353672981262,843,189.07223749160767,843,189.57192540168762,843,190.75552415847778,843,191.8416931629181,843,193.22992873191833,843,193.7793927192688,843,195.10220956802368,843,195.69055604934692,843,196.92510437965393,843,197.5417811870575,843,198.7221279144287,843,199.50028586387634,843,200.76617193222046,843,202.12467646598816,843,202.80286598205566,843,204.12612652778625,843,205.3708839416504,843,206.48602747917175,843,207.2633605003357,843,208.28676342964172,843,209.0650177001953,843,209.68797898292542,843,210.86263298988342,843,212.0220820903778,843,212.59794354438782,843,213.76670622825623,843,214.35756301879883,843,215.48349499702454,843,216.6031849384308,843,217.13251161575317,843,218.18784618377686,843,218.73411083221436,843,219.25560593605042,843,219.80864429473877,843,220.40208220481873,843,221.24877548217773,843,221.91239213943481,843,224.03913640975952,843,225.24080801010132,843,226.30693364143372,843,227.5458903312683,843,228.2736897468567,843,228.86380910873413,843,229.5703125,843,230.2223768234253,843,231.20462083816528,843,232.30480313301086,843,232.94868111610413,843,234.04315519332886,843,235.10449361801147,843,235.7145128250122,843,236.852641582489,843,238.03832626342773,843,238.7929368019104,843,239.9432237148285,843,241.18469834327698,843,241.78702878952026,843,242.91379284858704,843,243.44245100021362,843,243.99122619628906,843,245.08087468147278,843,246.1922595500946,843,247.36479568481445,843,248.02231621742249,843,248.55939316749573,843,249.31710290908813,843,250.39868712425232,843,253.14010953903198,843,253.65345072746277,843,254.37286520004272,843,255.58510851860046,843,256.1698315143585,843,256.6912250518799,843,257.7706847190857,843,258.9010269641876,843,259.57195258140564,843,260.93455171585083,843,262.08133149147034,843,263.2142174243927,843,264.3859407901764,843,265.7254536151886,843,266.93516969680786,843,268.10268330574036,843,269.22862434387207,843,270.36455178260803,843,270.8931722640991,843,271.3838891983032,843,272.45194482803345,843,273.5275065898895,843,274.0177958011627,843,274.6947042942047,843,275.30011320114136,843,276.4713842868805,843,277.04577350616455,843,280.5412995815277,843,281.08794498443604,843,282.268675327301,843,283.65272641181946,843,284.51520919799805,843,285.66306018829346,843,286.8841516971588,843,287.37923097610474,843,288.65124797821045,843,289.15106987953186,843,290.3054895401001,843,290.86677622795105,843,291.4744851589203,843,292.5683810710907,843,293.66154384613037,843,294.22606587409973,843,294.7570433616638,843,295.75475335121155,843,296.5326581001282,843,297.1643478870392,843,298.2393753528595,843,299.4658010005951,843,300.1738746166229
0,random graphs/triangle/r1.5k24n16/graph0.lgbin,6769,254.91916179656982,817,1739,0,1403,1.651444911956787,1281,3.655928373336792,1169,8.081323146820068,1120,9.29492712020874,1106,10.632455110549927,1048,12.54257583618164,981,14.81819462776184,924,15.730303287506104,912,16.385167360305786,905,18.082481622695923,892,19.762932777404785,890,20.944452047348022,890,21.5523841381073,887,22.591928005218506,885,23.111493825912476,883,23.997990369796753,866,25.29601287841797,865,25.92327857017517,865,26.635457515716553,861,27.239514112472534,852,28.634481191635132,852,29.424222946166992,852,30.263695240020752,852,30.81409978866577,852,31.60710835456848,851,32.72928500175476,846,33.41907596588135,846,34.22504663467407,846,36.21619725227356,845,36.93865203857422,845,39.01842188835144,845,39.72949409484863,845,40.38775610923767,845,40.87917709350586,845,41.38646626472473,845,42.78323221206665,845,44.19440770149231,845,44.791640281677246,845,45.316709756851196,845,47.05162739753723,845,47.65570044517517,845,48.20810651779175,845,48.80845808982849,845,50.19502019882202,845,50.826749086380005,845,51.681034088134766,845,52.44599103927612,845,54.20114278793335,845,55.86215257644653,845,56.37427043914795,845,57.467228412628174,845,58.06099486351013,845,58.64089894294739,845,59.18038582801819,845,59.8238582611084,845,60.407052755355835,845,61.26025199890137,845,62.051605463027954,845,62.66059684753418,845,63.2281277179718,845,64.41865038871765,845,64.9858283996582,845,65.88376140594482,845,66.48482251167297,845,67.14626026153564,845,67.79424238204956,845,69.1200499534607,845,69.71709394454956,845,70.50768256187439,845,71.23537468910217,845,71.85961747169495,845,72.40612602233887,845,73.16763114929199,845,73.74418044090271,845,74.33818745613098,845,74.8828353881836,845,75.40834450721741,845,76.00948238372803,845,76.76637649536133,845,77.30507230758667,845,77.83320569992065,845,78.42837953567505,845,79.03300905227661,845,79.6102831363678,845,80.18854546546936,845,80.72498512268066,845,81.26091003417969,845,81.91471743583679,845,83.52964925765991,845,84.01475501060486,845,84.5876350402832,845,85.4798834323883,845,86.0100965499878,845,86.69150018692017,845,87.18005895614624,845,87.80784940719604,845,88.48396062850952,845,89.18769454956055,845,89.72133207321167,845,90.50441479682922,845,92.83116316795349,845,93.39301204681396,845,94.9442994594574,845,97.02347612380981,845,97.53153109550476,845,98.07852745056152,845,99.52777051925659,845,100.12042498588562,845,100.908371925354,845,101.56999230384827,845,102.24848866462708,845,102.82950925827026,845,103.4067051410675,845,104.91300177574158,845,105.76740193367004,845,106.64189028739929,845,107.25742745399475,845,108.05716443061829,845,108.54591798782349,845,109.13878798484802,845,109.77648091316223,845,110.6783013343811,845,111.32291340827942,845,111.88405156135559,845,112.48727679252625,845,113.01300191879272,845,113.56341052055359,845,114.3553466796875,845,115.0359833240509,845,115.6878113746643,845,116.20598840713501,845,116.97340083122253,845,117.68422174453735,845,118.19615030288696,845,118.71313548088074,845,119.91454076766968,845,120.49912786483765,845,121.32245826721191,845,121.85292911529541,845,122.62437224388123,845,123.17050623893738,845,123.948077917099,845,125.11294388771057,845,126.6474347114563,845,127.22926950454712,845,127.72803997993469,845,128.62743854522705,845,129.72118663787842,845,130.25832605361938,845,130.83828353881836,845,131.45375990867615,845,131.96803736686707,845,132.53212881088257,845,133.2097511291504,843,134.53611063957214,843,135.65979075431824,843,136.19148588180542,843,136.95172357559204,843,137.6048846244812,843,138.0893428325653,843,138.93253827095032,843,139.46429109573364,843,140.20366835594177,843,140.86337637901306,843,141.58321332931519,843,143.37349677085876,843,144.0897991657257,843,144.56918835639954,843,145.080730676651,843,147.1213822364807,843,147.71540641784668,843,148.32350039482117,843,148.95901012420654,836,149.96885681152344,836,150.760724067688,835,151.3214032649994,835,151.90766978263855,835,152.79339480400085,835,153.45304012298584,835,155.0022611618042,835,155.505939245224,835,156.885666847229,835,157.51596593856812,835,158.15467739105225,835,158.72631454467773,835,160.09049367904663,835,162.31272912025452,835,162.8239622116089,835,163.38169693946838,835,164.11908602714539,835,165.8367772102356,835,166.47999668121338,835,166.98763179779053,835,167.6063051223755,835,168.444744348526,835,169.2066535949707,835,169.91479682922363,835,170.74293446540833,835,171.46043825149536,835,172.00582647323608,835,172.82518792152405,835,173.99840998649597,835,174.5204312801361,835,175.17070937156677,835,175.9848189353943,833,178.0962462425232,833,178.6262607574463,833,179.42382955551147,833,179.9648871421814,833,180.66612315177917,833,181.32831740379333,833,181.90769577026367,833,182.53979778289795,833,183.32884812355042,833,184.2017571926117,833,184.86777234077454,833,185.47883558273315,833,186.19461131095886,833,186.83855390548706,833,187.37023997306824,833,188.17490363121033,833,189.60267639160156,833,190.41845750808716,833,191.5694980621338,833,192.14609217643738,833,193.66581964492798,833,194.41107177734375,833,195.2276177406311,833,195.92438507080078,833,196.43207120895386,833,197.02910590171814,833,197.57181096076965,833,198.3250470161438,833,199.02908301353455,833,199.73107957839966,833,200.34901213645935,833,202.19562363624573,833,202.72575640678406,833,203.3517336845398,833,203.88206577301025,833,204.4175262451172,833,204.9197552204132,833,205.45789575576782,833,206.02355217933655,833,206.92621183395386,833,208.04893112182617,833,208.8424997329712,833,209.40615224838257,833,210.0081024169922,833,210.51412177085876,833,212.38705348968506,833,213.69022488594055,833,214.36816430091858,833,215.31667757034302,833,215.89710092544556,833,216.49719715118408,833,217.2094690799713,833,217.8418366909027,833,218.36584043502808,833,219.10805201530457,833,220.27540111541748,833,221.0575783252716,833,222.5138807296753,833,223.06782031059265,833,223.73203682899475,833,224.27382445335388,833,225.72637939453125,833,226.28923273086548,833,226.9882152080536,833,228.46865487098694,833,229.02283000946045,833,229.54552817344666,833,230.75995230674744,833,231.323415517807,833,232.51181769371033,833,234.19600129127502,829,235.1471700668335,829,235.8155701160431,829,236.90495014190674,829,237.60026907920837,829,238.38070487976074,829,238.9247043132782,829,240.4481484889984,829,241.07009625434875,829,241.70494079589844,829,242.25813937187195,829,242.8744764328003,829,244.15267491340637,829,244.69854545593262,829,246.17909145355225,829,246.94035577774048,829,247.51049184799194,829,248.20455408096313,829,248.81917905807495,829,249.36900568008423,829,250.3211100101471,829,251.2648527622223,829,251.99632740020752,829,252.5571129322052,829,253.722576379776,829,254.84143495559692,829,256.0615134239197,829,256.7065010070801,829,257.2445242404938,829,258.04303073883057,829,258.57542657852173,829,259.1587212085724,829,259.7101695537567,829,260.2462487220764,829,260.84827184677124,829,261.56844878196716,829,263.06440138816833,829,263.78428292274475,829,265.294394493103,829,265.97218894958496,829,266.62079644203186,829,267.2342200279236,829,267.8953206539154,829,268.45708775520325,829,269.1065194606781,829,270.9303848743439,829,271.51755952835083,829,272.02788639068604,829,273.9053542613983,829,274.80791330337524,829,275.4964430332184,829,276.05010890960693,829,276.6038432121277,829,277.34976387023926,829,279.0364353656769,829,279.63209795951843,829,280.25751185417175,829,280.88899970054626,829,281.6337742805481,829,282.25952196121216,828,284.08470368385315,827,284.79624128341675,827,285.4058837890625,827,287.0000102519989,825,287.67482590675354,823,288.36355423927307,823,290.2240355014801,822,291.8685305118561,822,293.09122037887573,822,293.73705410957336,821,294.3819513320923,820,294.9365220069885,820,295.68043422698975,820,297.4252610206604,819,299.01331210136414,817,300.042236328125
1,random graphs/triangle/r1.5k24n16/graph1.lgbin,6769,250.90820598602295,749,1622,0,1305,1.0748543739318848,1210,2.7395551204681396,1071,4.36763334274292,1004,5.219836235046387,975,5.842260122299194,901,6.736454248428345,875,7.350445985794067,853,8.885239362716675,850,10.46699571609497,839,11.364614486694336,834,11.980226039886475,833,13.278792381286621,831,14.470442056655884,825,15.384424924850464,817,16.247552633285522,815,17.527690410614014,801,19.571306943893433,799,20.390557527542114,798,21.165106296539307,798,21.65392231941223,798,23.1338849067688,788,23.777287006378174,784,24.447592973709106,784,25.324516773223877,784,28.624879360198975,783,31.234956979751587,779,32.08052396774292,776,33.6279194355011,776,34.156872272491455,774,34.834148645401,772,35.683401107788086,772,36.38927745819092,764,37.239755630493164,764,37.86283016204834,761,38.74908185005188,760,39.85041666030884,759,40.45622730255127,759,41.49106812477112,759,42.09845471382141,758,44.35804724693298,758,44.80023241043091,758,45.27650499343872,758,45.736140966415405,758,47.178274154663086,758,48.6100172996521,758,49.15772986412048,758,49.744486570358276,758,50.31575846672058,758,50.853710889816284,758,51.39129447937012,758,52.07689642906189,758,52.70856046676636,758,53.343871116638184,758,53.927875995635986,758,54.4939489364624,758,54.96001648902893,758,55.40874242782593,758,56.74353647232056,758,57.27987265586853,758,58.17111039161682,758,60.64603090286255,758,61.15860676765442,758,61.772770404815674,758,62.228726387023926,758,62.859986782073975,758,63.34457516670227,758,64.02006196975708,758,64.49172735214233,758,65.15809178352356,758,65.66911292076111,758,66.1430230140686,758,66.63811111450195,758,67.23951721191406,758,67.91676115989685,758,69.38871264457703,758,70.60734391212463,758,71.73180603981018,758,72.32680082321167,758,72.96848702430725,758,73.46701836585999,758,74.265629529953,758,74.85567665100098,758,75.3215913772583,758,76.13414716720581,758,76.77358365058899,758,77.20404505729675,758,77.92775344848633,758,78.6068480014801,758,79.11243653297424,758,79.6776442527771,758,80.14284920692444,758,80.65966367721558,758,81.2025032043457,758,81.8055739402771,758,82.47029995918274,758,82.9621057510376,758,83.50305819511414,758,84.03094434738159,758,84.53557705879211,758,85.34186339378357,758,85.96139979362488,758,86.41102147102356,758,87.54778265953064,758,88.06636691093445,758,90.00221657752991,758,90.5919783115387,758,91.2784035205841,758,92.7993676662445,758,93.36949801445007,758,93.84013152122498,758,94.41834688186646,758,95.04873704910278,758,95.51295709609985,758,96.14479613304138,758,97.24244046211243,758,97.93623685836792,758,98.52719283103943,758,99.6362476348877,758,102.16105461120605,755,103.69637036323547,751,104.67242622375488,749,105.35843586921692,749,105.92415452003479,749,107.62744927406311,749,108.31137943267822,749,108.93959617614746,749,109.42057609558105,749,109.89100289344788,749,111.36092638969421,749,112.03423047065735,749,112.54408550262451,749,113.24994945526123,749,113.84999084472656,749,115.4751524925232,749,116.67630982398987,749,117.1846010684967,749,117.94934725761414,749,119.58698034286499,749,121.39408922195435,749,121.9335949420929,749,122.41022157669067,749,122.89614605903625,749,123.38369679450989,749,123.86232876777649,749,124.44060158729553,749,125.0947482585907,749,125.88711476325989,749,126.38212084770203,749,127.26795196533203,749,127.75020599365234,749,128.18400168418884,749,128.8379249572754,749,129.35941219329834,749,129.86363101005554,749,130.38373589515686,749,131.04665327072144,749,132.40867280960083,749,133.17130088806152,749,133.6468014717102,749,134.22780227661133,749,134.74089455604553,749,135.35707712173462,749,136.03963041305542,749,137.19808721542358,749,137.7694754600525,749,138.23598623275757,749,139.0219283103943,749,139.47466588020325,749,140.19343066215515,749,141.7329502105713,749,142.39479303359985,749,143.12840247154236,749,143.7071168422699,749,144.18669652938843,749,144.6353325843811,749,145.12147641181946,749,145.74560117721558,749,148.7083456516266,749,150.15202617645264,749,150.6536362171173,749,151.73440766334534,749,153.18428468704224,749,153.67300820350647,749,154.7912802696228,749,156.0965700149536,749,156.6686191558838,749,157.35377860069275,749,157.88783955574036,749,158.4373791217804,749,160.0102653503418,749,162.61055827140808,749,164.2092137336731,749,164.7543580532074,749,165.5243365764618,749,166.18839693069458,749,166.7200164794922,749,167.32661604881287,749,167.8981602191925,749,168.4262113571167,749,169.02041792869568,749,169.82459568977356,749,170.3195538520813,749,170.8284592628479,749,171.44314742088318,749,172.3715591430664,749,172.9510624408722,749,173.64203214645386,749,174.1124255657196,749,174.73186802864075,749,175.21406245231628,749,175.7494010925293,749,176.31658816337585,749,177.1277482509613,749,177.60471558570862,749,178.26843786239624,749,178.7476577758789,749,179.45144200325012,749,179.95939588546753,749,180.47505354881287,749,180.98362565040588,749,181.56111931800842,749,181.99073886871338,749,182.65623903274536,749,183.2814610004425,749,183.8531243801117,749,184.34198784828186,749,184.83808207511902,749,185.27758193016052,749,185.90735960006714,749,186.43052649497986,749,187.0540955066681,749,187.6183729171753,749,188.08628702163696,749,188.60472130775452,749,189.10009789466858,749,189.55978965759277,749,190.35507726669312,749,190.9483299255371,749,191.5267653465271,749,192.31411051750183,749,193.0477888584137,749,193.5400629043579,749,194.16470956802368,749,194.63287591934204,749,195.2262523174286,749,195.73581767082214,749,196.35547184944153,749,197.35328817367554,749,197.98941040039062,749,198.459214925766,749,199.0966465473175,749,199.64964818954468,749,200.21830129623413,749,200.7325394153595,749,201.95326852798462,749,202.76103973388672,749,203.59333968162537,749,204.09303855895996,749,205.18124055862427,749,205.66272282600403,749,206.4841663837433,749,206.93538975715637,749,207.53958225250244,749,208.44870281219482,749,209.05133986473083,749,209.49956250190735,749,210.06213808059692,749,210.6243827342987,749,211.29021859169006,749,211.93735432624817,749,212.441232919693,749,213.00133442878723,749,213.46778559684753,749,214.00704884529114,749,214.51012516021729,749,215.07982110977173,749,215.66469168663025,749,216.48403000831604,749,216.9893560409546,749,217.60769844055176,749,218.03051090240479,749,219.91547226905823,749,220.39104080200195,749,220.9107789993286,749,221.513991355896,749,222.81728982925415,749,223.46357607841492,749,224.01976203918457,749,225.64996886253357,749,226.26750922203064,749,226.7738320827484,749,227.8322024345398,749,229.17907309532166,749,229.8121302127838,749,230.37852835655212,749,231.0362513065338,749,231.50658774375916,749,231.9706859588623,749,232.67266297340393,749,233.18232464790344,749,233.8626892566681,749,234.55687046051025,749,235.19834399223328,749,235.7668378353119,749,236.38976550102234,749,237.78643345832825,749,238.36354541778564,749,238.90143275260925,749,239.57715034484863,749,240.91414594650269,749,241.53618097305298,749,242.1227743625641,749,242.7839150428772,749,243.27751684188843,749,243.72854590415955,749,244.20211791992188,749,244.67029285430908,749,246.03334879875183,749,246.74781274795532,749,247.21148347854614,749,247.90795373916626,749,248.3921139240265,749,248.9903552532196,749,249.46221828460693,749,249.91764187812805,749,250.8544979095459,749,251.5760681629181,749,253.65924882888794,749,254.25424337387085,749,254.86383080482483,749,255.53112649917603,749,256.1117105484009,749,256.5983028411865,749,257.22096729278564,749,258.91542387008667,749,259.71379470825195,749,260.3378884792328,749,260.94366359710693,749,261.45528864860535,749,261.94798398017883,749,262.76198387145996,749,263.3887438774109,749,263.9808838367462,749,264.7084722518921,749,265.33321046829224,749,265.83707666397095,749,266.5374667644501,749,267.02695894241333,749,267.67988634109497,749,268.20988035202026,749,269.6579444408417,749,270.31463170051575,749,270.9313373565674,749,271.40991473197937,749,271.9008095264435,749,272.51021456718445,749,273.00332403182983,749,273.5650386810303,749,274.09664702415466,749,274.56929993629456,749,275.5648868083954,749,276.13655376434326,749,276.6765384674072,749,277.231458902359,749,278.96454215049744,749,280.14180421829224,749,280.59434938430786,749,281.6288814544678,749,282.3324100971222,749,282.81097435951233,749,283.55657601356506,749,284.2838227748871,749,284.8448922634125,749,285.37802600860596,749,286.00200295448303,749,286.74709248542786,749,287.3499171733856,749,287.8426294326782,749,288.31982421875,749,288.830219745636,749,289.3032386302948,749,289.8274157047272,749,290.54101300239563,749,291.31101846694946,749,291.77042508125305,749,292.798326253891,749,293.50584602355957,749,294.1116750240326,749,294.8550248146057,749,295.37760043144226,749,296.46919798851013,749,297.26887917518616,749,297.71712851524353,749,299.4144811630249,749,299.9219229221344,749,300.12831473350525
2,random graphs/triangle/r1.5k24n16/graph2.lgbin,6769,259.1887581348419,784,1672,0,1287,3.569181442260742,1157,7.506178617477417,1069,8.705704689025879,991,10.398468255996704,956,11.406453847885132,947,13.177326679229736,937,14.040615558624268,933,15.789706468582153,928,16.571959733963013,917,17.34551763534546,904,20.007620334625244,897,20.606480836868286,891,21.311286211013794,885,22.035313606262207,873,25.27367877960205,850,26.039361476898193,847,26.7363018989563,844,27.488219022750854,842,28.911785125732422,841,30.321672677993774,841,30.934640645980835,841,31.477187395095825,833,32.16170287132263,831,34.92426133155823,830,36.3168888092041,828,36.92398238182068,824,38.234461069107056,816,38.88122797012329,813,39.98983454704285,811,41.33381462097168,809,42.0675106048584,809,43.35834765434265,808,44.132588386535645,808,44.7754807472229,806,45.623316526412964,806,46.36683964729309,806,47.02303910255432,806,49.37041187286377,802,51.22140336036682,802,51.846325635910034,802,52.41328477859497,802,53.125914573669434,802,55.58107590675354,802,56.15970206260681,802,57.32500219345093,802,58.85642647743225,802,59.42318677902222,802,59.95700931549072,802,60.581334829330444,802,61.16333508491516,801,62.227890729904175,801,62.75610136985779,798,63.6353919506073,798,65.34804272651672,798,66.01002192497253,798,66.54395890235901,798,67.05392336845398,798,67.65956044197083,798,68.21773743629456,798,68.80034732818604,798,69.40711688995361,798,69.88435244560242,795,70.47294759750366,794,71.14591813087463,794,71.78965187072754,794,72.38048672676086,794,73.82130122184753,794,74.54781651496887,794,75.07025718688965,794,76.41431474685669,794,77.05103945732117,794,77.70876407623291,794,78.2312068939209,792,81.30101585388184,791,81.95204663276672,791,82.81689023971558,790,83.47123217582703,790,83.99334406852722,790,84.5553674697876,790,85.5107741355896,790,86.13925457000732,790,86.84332251548767,790,87.43093872070312,790,87.970707654953,790,88.61709833145142,790,89.1524441242218,790,89.90669560432434,788,90.6037654876709,788,91.48206973075867,788,92.02136135101318,788,92.66236925125122,788,93.40203356742859,788,94.91272449493408,788,96.277841091156,788,96.8073902130127,788,97.35748171806335,787,98.09721255302429,787,98.93868613243103,787,99.51006841659546,787,100.87463450431824,787,102.05439877510071,787,103.35387516021729,787,104.07050395011902,787,105.13407373428345,787,105.73860478401184,787,106.3033459186554,787,106.83301949501038,787,108.24169158935547,787,108.76882100105286,787,109.31106400489807,787,109.89010524749756,787,110.45985531806946,787,111.00067734718323,787,111.54642748832703,786,112.17734050750732,786,113.19850611686707,786,113.70304775238037,786,114.28791165351868,786,114.91059064865112,786,116.11182284355164,786,118.61222267150879,786,119.23896789550781,786,120.50493049621582,786,121.2894012928009,786,121.854736328125,786,122.38230061531067,786,123.23767852783203,786,123.81994342803955,786,124.47724843025208,786,125.02895998954773,786,125.63063430786133,786,127.30401420593262,786,128.77272772789001,786,130.66304183006287,786,131.73914694786072,786,132.34316635131836,786,132.93271231651306,786,134.8434624671936,786,136.1038360595703,786,136.96323657035828,786,137.60762286186218,786,138.1359236240387,786,139.13794589042664,786,140.32068800926208,786,141.21293330192566,786,141.6983025074005,786,144.05658793449402,785,145.88320231437683,784,146.51226496696472,784,147.10068774223328,784,148.2914218902588,784,148.99087500572205,784,150.0090720653534,784,151.0048406124115,784,151.5402762889862,784,152.22076964378357,784,152.90880513191223,784,153.45148372650146,784,153.99269652366638,784,154.5061855316162,784,155.10358881950378,784,155.63005256652832,784,156.38465237617493,784,157.04671812057495,784,157.69458842277527,784,158.8254873752594,784,159.59007167816162,784,160.64456248283386,784,161.18688321113586,784,162.051926612854,784,162.56450748443604,784,163.3984293937683,784,164.16958117485046,784,164.6970715522766,784,165.27292466163635,784,166.16134643554688,784,168.03245663642883,784,168.7800145149231,784,172.45360851287842,784,173.07141494750977,784,173.63360261917114,784,174.35043215751648,784,174.93535375595093,784,177.03846311569214,784,177.74891114234924,784,178.95028710365295,784,179.47823214530945,784,180.03769302368164,784,180.6543345451355,784,181.38008904457092,784,182.63982272148132,784,183.17146682739258,784,183.7068591117859,784,185.3818256855011,784,185.98885869979858,784,186.6673722267151,784,187.31442189216614,784,187.92161917686462,784,188.51859545707703,784,189.13939929008484,784,189.77486848831177,784,190.8123869895935,784,191.396963596344,784,191.94382166862488,784,193.0102345943451,784,193.4818274974823,784,194.06236743927002,784,194.7878999710083,784,195.35023427009583,784,196.0995810031891,784,196.6484453678131,784,197.20462012290955,784,197.6919858455658,784,198.39373755455017,784,199.59173798561096,784,200.11093258857727,784,200.6848328113556,784,201.48190140724182,784,202.44532012939453,784,203.16920828819275,784,204.30005884170532,784,206.01717925071716,784,206.50610542297363,784,207.07814002037048,784,207.69285202026367,784,208.2992844581604,784,209.11309266090393,784,209.71389198303223,784,210.51139521598816,784,211.02361965179443,784,212.28267860412598,784,213.03193593025208,784,214.94945287704468,784,218.6216766834259,784,219.20399379730225,784,219.86766409873962,784,220.66374945640564,784,221.2747519016266,784,221.95590567588806,784,222.92540001869202,784,223.77647304534912,784,224.44381761550903,784,224.94005966186523,784,225.4571876525879,784,226.11268496513367,784,227.24977469444275,784,227.99983429908752,784,228.89154291152954,784,229.4161217212677,784,230.3012285232544,784,230.92132258415222,784,231.568208694458,784,232.61729741096497,784,233.1609914302826,784,236.12016201019287,784,237.29254508018494,784,238.1570885181427,784,238.71111822128296,784,239.3310830593109,784,240.2394359111786,784,240.82977986335754,784,241.48743438720703,784,242.02723264694214,784,243.5016314983368,784,245.24502825737,784,245.90419101715088,784,246.449809551239,784,247.05685877799988,784,247.68173956871033,784,248.85247921943665,784,250.54927253723145,784,251.100989818573,784,252.4578492641449,784,254.40341114997864,784,256.12473034858704,784,256.76260471343994,784,257.43609261512756,784,258.01841402053833,784,258.5737273693085,784,259.12133264541626,784,259.68672609329224,784,260.3047091960907,784,262.5063760280609,784,263.0384247303009,784,263.83745765686035,784,264.4869875907898,784,265.038937330246,784,265.60333919525146,784,266.86865305900574,784,267.5247383117676,784,268.0449163913727,784,268.5517375469208,784,269.25732946395874,784,273.0765812397003,784,273.617559671402,784,274.1763610839844,784,274.7073028087616,784,275.4554719924927,784,276.07216906547546,784,276.6226727962494,784,277.16849303245544,784,277.80425119400024,784,278.37062191963196,784,278.99359679222107,784,279.5855231285095,784,280.1043527126312,784,280.8320779800415,784,281.36724877357483,784,283.08320355415344,784,283.7146179676056,784,284.19239568710327,784,284.77679800987244,784,285.84704756736755,784,286.38014101982117,784,286.85366892814636,784,287.4299499988556,784,287.95284485816956,784,288.7404592037201,784,289.23999214172363,784,289.7386133670807,784,291.8576714992523,784,293.3966042995453,784,294.3317959308624,784,295.1278872489929,784,296.0671236515045,784,296.701988697052,784,297.34161138534546,784,297.87843799591064,784,298.3998942375183,784,299.0608403682709,784,299.6127185821533,784,300.1253206729889
3,random graphs/triangle/r1.5k24n16/graph3.lgbin,6769,239.00521063804626,766,1682,0,1254,1.7341923713684082,1109,2.9045019149780273,1023,4.046154260635376,976,5.129136323928833,954,5.9883363246917725,901,7.2378740310668945,888,7.834838151931763,868,9.394368648529053,847,10.581179141998291,829,11.12912893295288,816,12.400802612304688,811,13.021910190582275,810,14.27391505241394,804,15.434860944747925,799,16.628177881240845,795,17.324965000152588,791,18.381211042404175,788,19.294840574264526,784,19.95732569694519,784,20.635602951049805,784,21.22244691848755,783,22.26521587371826,783,23.504196882247925,783,24.2760112285614,783,25.550649881362915,783,26.23420810699463,783,27.46739363670349,782,28.29742431640625,780,29.36871838569641,780,30.563690662384033,779,31.192230701446533,778,32.38289976119995,778,32.87566804885864,777,34.02710032463074,776,34.73131513595581,771,35.381900787353516,771,35.91619610786438,771,36.504040479660034,771,36.959200620651245,771,37.56520223617554,771,38.12558102607727,771,38.6477530002594,771,39.18406796455383,771,39.67484426498413,771,40.680869817733765,771,41.56189680099487,771,42.089884519577026,771,42.66168165206909,771,43.29120135307312,771,43.801557302474976,771,44.33496689796448,771,44.844754695892334,771,45.34780192375183,771,45.922250747680664,771,46.38795351982117,771,46.96050047874451,771,47.46906399726868,771,47.96001839637756,771,48.475513219833374,771,48.959378719329834,771,49.46601223945618,771,50.0143768787384,771,50.595369815826416,771,51.12877655029297,770,51.86322855949402,769,52.494696855545044,769,53.05794310569763,769,53.50245976448059,769,53.994789123535156,769,54.47868204116821,769,55.266923904418945,769,55.81471920013428,769,56.360657930374146,769,56.85674595832825,769,57.38095307350159,769,58.430341958999634,769,58.96731185913086,769,59.508087396621704,769,60.27261400222778,769,60.796730041503906,769,61.35909819602966,769,61.88252902030945,769,62.483908891677856,769,63.693586587905884,769,64.33903765678406,769,64.7857608795166,769,65.30884051322937,769,65.82792329788208,769,66.34259486198425,769,66.82384252548218,769,67.47993183135986,769,68.01264333724976,769,68.50585556030273,769,69.67895269393921,769,70.14832139015198,769,70.61981296539307,769,71.52660489082336,769,72.03854084014893,769,72.60239958763123,769,73.52402806282043,769,74.05681371688843,769,74.51157879829407,769,75.03628396987915,769,75.62913823127747,769,76.1359281539917,769,76.678786277771,769,77.26390767097473,769,77.76870226860046,769,78.26275062561035,769,78.79157757759094,769,79.33668112754822,769,79.79539346694946,769,80.34744429588318,769,80.8463864326477,769,81.36574292182922,769,81.91631245613098,769,82.52546858787537,769,83.16676592826843,769,83.68321323394775,769,84.19040751457214,769,84.65293002128601,769,85.20670080184937,769,85.71189045906067,769,86.27540159225464,769,86.79466891288757,769,87.40745234489441,769,87.93086910247803,769,88.39451098442078,769,89.26547932624817,769,89.8723304271698,769,90.40170645713806,769,90.93182730674744,769,91.50533604621887,769,91.98360681533813,769,92.58871173858643,769,93.17313432693481,769,93.68394041061401,769,94.29516577720642,769,95.0913598537445,769,95.71348547935486,769,96.28053617477417,769,96.77444314956665,769,97.24878025054932,769,97.83942008018494,769,98.38630700111389,769,98.8660717010498,769,99.40627312660217,769,99.97291302680969,769,100.48546266555786,769,100.97562623023987,769,101.43387484550476,769,101.89982676506042,769,102.39911007881165,769,102.90452027320862,769,104.11994504928589,769,104.65565180778503,769,105.21379351615906,769,105.71484327316284,769,106.3154809474945,769,106.78441882133484,769,107.45720863342285,769,108.05664253234863,769,108.53127884864807,769,109.05113983154297,769,109.5887668132782,769,110.09096264839172,769,110.59918975830078,769,111.09288144111633,769,111.65348482131958,769,112.17767262458801,769,112.71353912353516,769,113.27527594566345,769,113.76471853256226,769,114.30966806411743,769,114.84862232208252,769,115.4780375957489,769,115.99071788787842,769,116.47378611564636,769,117.09909510612488,769,117.5994622707367,767,118.32468152046204,767,118.85085487365723,767,119.41699481010437,767,120.01552939414978,766,120.62980675697327,766,121.38383078575134,766,122.52007126808167,766,123.02066326141357,766,123.98628520965576,766,124.45074653625488,766,124.95218777656555,766,125.42599940299988,766,125.9002275466919,766,126.40775299072266,766,126.92104029655457,766,127.41578459739685,766,127.94629693031311,766,128.6297516822815,766,129.90998768806458,766,130.3940806388855,766,130.86049365997314,766,131.3219141960144,766,132.28745102882385,766,132.75884246826172,766,133.19531798362732,766,133.70557951927185,766,134.2269468307495,766,134.9960515499115,766,136.3315978050232,766,136.84303092956543,766,137.3458194732666,766,137.8867859840393,766,138.50767827033997,766,138.99154090881348,766,139.45638346672058,766,139.95636415481567,766,140.44310879707336,766,140.90932273864746,766,141.3880021572113,766,141.91951036453247,766,142.38425302505493,766,142.84415125846863,766,143.32353925704956,766,143.85617113113403,766,144.6088809967041,766,145.14434671401978,766,145.6217041015625,766,146.13682794570923,766,146.80007076263428,766,147.25022220611572,766,147.77311635017395,766,148.28010654449463,766,148.82150053977966,766,149.32692408561707,766,149.79051446914673,766,150.35544991493225,766,150.8625931739807,766,151.3335418701172,766,151.82951164245605,766,152.34840488433838,766,152.9074993133545,766,153.4555115699768,766,153.90424156188965,766,154.4285650253296,766,154.94461250305176,766,155.38464951515198,766,155.89118099212646,766,156.3544888496399,766,156.89623165130615,766,157.38054156303406,766,158.03994011878967,766,158.51811695098877,766,159.06330800056458,766,159.5642442703247,766,160.06172800064087,766,160.58893489837646,766,161.19343447685242,766,161.6580684185028,766,162.11914682388306,766,162.60695695877075,766,163.10349488258362,766,163.57645678520203,766,164.09594774246216,766,164.5770537853241,766,165.0436954498291,766,165.52436113357544,766,165.9906783103943,766,166.72949814796448,766,167.28192830085754,766,167.77868747711182,766,168.26772809028625,766,168.87115621566772,766,169.42362546920776,766,169.9174108505249,766,170.37379455566406,766,170.91587018966675,766,171.41589975357056,766,171.86949014663696,766,173.2680652141571,766,174.05518531799316,766,174.52687311172485,766,175.03788924217224,766,175.5114345550537,766,176.00036811828613,766,176.46983528137207,766,176.88760495185852,766,177.42544889450073,766,177.9284791946411,766,178.62969136238098,766,179.30757761001587,766,179.8106791973114,766,180.28792428970337,766,180.73846220970154,766,181.2578248977661,766,181.7784514427185,766,182.43275356292725,766,182.92971062660217,766,183.42475533485413,766,183.92338800430298,766,184.52123427391052,766,185.26227378845215,766,185.78625392913818,766,186.2391939163208,766,186.7134838104248,766,187.2811622619629,766,187.79708194732666,766,188.9064486026764,766,189.35812211036682,766,189.83564496040344,766,190.31916213035583,766,190.8353190422058,766,191.33076095581055,766,191.7998673915863,766,192.26503229141235,766,192.75667262077332,766,193.26084542274475,766,193.7713921070099,766,194.26680660247803,766,194.72042322158813,766,195.25887870788574,766,195.80657982826233,766,196.2690224647522,766,196.79524278640747,766,197.2824273109436,766,197.8533592224121,766,198.50477981567383,766,198.97831892967224,766,199.70191740989685,766,200.22551035881042,766,200.7300841808319,766,201.34052681922913,766,202.35166907310486,766,202.8306474685669,766,203.302738904953,766,203.86241722106934,766,204.35833954811096,766,205.59475564956665,766,206.0935127735138,766,206.60606145858765,766,207.0554323196411,766,207.5626082420349,766,208.6111032962799,766,209.2257878780365,766,209.72541069984436,766,210.19391798973083,766,210.7387957572937,766,211.304860830307,766,212.09802675247192,766,212.6215636730194,766,213.16166853904724,766,214.5525209903717,766,215.02173256874084,766,215.51780009269714,766,215.9833014011383,766,216.55163526535034,766,217.1444113254547,766,217.64358472824097,766,218.17178225517273,766,218.65397548675537,766,219.22653365135193,766,219.7683069705963,766,220.35134077072144,766,220.9568407535553,766,221.51067805290222,766,222.04005551338196,766,222.5915172100067,766,223.13364815711975,766,223.59775114059448,766,224.09631180763245,766,224.56964564323425,766,225.29649877548218,766,226.01878023147583,766,226.53919649124146,766,227.09248661994934,766,227.6367015838623,766,228.1217634677887,766,228.5907175540924,766,229.06024885177612,766,229.57214546203613,766,230.13354969024658,766,230.62952637672424,766,231.20536470413208,766,231.75381231307983,766,232.20290756225586,766,232.6880006790161,766,233.3492307662964,766,233.82788062095642,766,234.35780000686646,766,234.84027338027954,766,235.35717487335205,766,235.8334777355194,766,236.31525301933289,766,236.81628131866455,766,237.30188035964966,766,237.81653451919556,766,238.29802918434143,766,238.93865823745728,766,239.41175293922424,766,239.9275233745575,766,240.40274095535278,766,240.9139108657837,766,241.4236798286438,766,241.95148491859436,766,242.4818422794342,766,242.94523453712463,766,243.43596148490906,766,244.01080346107483,766,244.48495507240295,766,244.98233151435852,766,246.188622713089,766,246.90481805801392,766,247.42359805107117,766,247.89811277389526,766,248.4092893600464,766,248.88039684295654,766,249.3237099647522,766,249.81148314476013,766,250.30262184143066,766,250.90531158447266,766,251.45028614997864,766,252.00462436676025,766,252.48918628692627,766,253.01499724388123,766,253.5654969215393,766,254.06079030036926,766,254.57528257369995,766,255.06328129768372,766,255.5272192955017,766,256.78903245925903,766,257.28457736968994,766,257.87589979171753,766,259.2333559989929,766,260.28541684150696,766,260.79000639915466,766,261.3651170730591,766,262.35156512260437,766,262.8974943161011,766,263.4146807193756,766,263.9203441143036,766,264.5093264579773,766,265.01909470558167,766,265.56890201568604,766,266.1149277687073,766,266.59223079681396,766,267.16141152381897,766,267.68723034858704,766,268.16959142684937,766,268.8357322216034,766,269.4410743713379,766,269.9317343235016,766,270.4997730255127,766,271.0081830024719,766,271.5331983566284,766,272.0181586742401,766,272.48588156700134,766,273.07378029823303,766,273.58540892601013,766,274.07228207588196,766,274.57341146469116,766,275.26591181755066,766,275.72568368911743,766,276.2408437728882,766,276.7474615573883,766,277.2363271713257,766,277.8413691520691,766,278.3354790210724,766,278.83630442619324,766,280.33620023727417,766,280.8453266620636,766,281.36586689949036,766,281.8831379413605,766,282.3564510345459,766,282.88823080062866,766,283.3598005771637,766,283.87590312957764,766,284.3663320541382,766,284.8565557003021,766,285.4118399620056,766,285.84919261932373,766,286.320431470871,766,286.86866211891174,766,287.4044334888458,766,287.97612023353577,766,288.51134634017944,766,289.9797134399414,766,290.481308221817,766,291.0139253139496,766,291.5272784233093,766,292.0439052581787,766,292.626478433609,766,293.1815490722656,766,293.6790089607239,766,294.1751160621643,766,294.68730092048645,766,295.27981901168823,766,296.37132239341736,766,297.04338002204895,766,297.5513582229614,766,298.0866229534149,766,298.5813682079315,766,299.1009271144867,766,299.63804936408997,766,300.126526594162
4,random graphs/triangle/r1.5k24n16/graph4.lgbin,6769,260.31295371055603,814,1770,0,1411,6.646188974380493,1191,8.282840251922607,1056,9.621337175369263,998,11.183812379837036,956,11.745882034301758,934,13.258288621902466,927,13.964789390563965,916,15.16271424293518,903,16.194042205810547,900,17.377611875534058,881,18.191308975219727,877,19.526506900787354,874,20.262789487838745,871,20.95120668411255,866,21.643098831176758,863,23.02181053161621,862,23.739763021469116,862,24.964738130569458,861,25.63056468963623,858,26.295899391174316,855,26.879730463027954,855,27.514877319335938,853,28.172767639160156,853,29.368896961212158,850,29.87871503829956,849,31.27234721183777,849,32.64918923377991,847,33.23528242111206,846,33.861512422561646,846,34.72435975074768,846,35.79325032234192,846,37.013744831085205,845,38.391777992248535,845,38.9412887096405,845,40.19547700881958,845,40.80907654762268,845,42.2133731842041,842,42.90045142173767,842,43.4163122177124,842,43.90797138214111,842,45.36966848373413,842,46.542569398880005,842,47.0180230140686,842,48.54117560386658,842,49.26556038856506,842,49.79469561576843,842,50.633931398391724,842,51.70856046676636,842,52.27004337310791,842,52.96845030784607,842,53.474549293518066,842,54.05232357978821,842,54.78340816497803,842,57.696600675582886,842,58.846107006073,842,59.43606376647949,842,60.1723906993866,842,61.88744068145752,842,63.08969855308533,841,64.38498950004578,840,67.85610842704773,840,68.49483847618103,840,69.00694155693054,840,69.61102271080017,840,70.7298800945282,840,72.19412016868591,840,73.54949498176575,840,74.44979858398438,839,75.15754914283752,839,75.73955488204956,839,76.27226829528809,839,76.92865705490112,838,77.6666750907898,838,78.84782600402832,838,79.68785572052002,838,80.94479513168335,838,82.09941267967224,838,82.74943137168884,838,83.93159365653992,838,84.99129748344421,838,85.49841666221619,838,86.60456156730652,838,87.29560089111328,838,87.781911611557,838,88.35326266288757,838,89.46872973442078,838,90.55615901947021,838,91.25705432891846,838,91.93154525756836,838,92.44167876243591,838,92.95286250114441,838,93.7890465259552,838,94.67929410934448,838,95.9515552520752,838,96.54755592346191,838,97.75827050209045,838,98.32638621330261,838,99.60027503967285,838,100.19247579574585,838,101.92965698242188,838,103.16964864730835,838,104.32587218284607,838,104.8214762210846,838,105.9733738899231,838,106.43346738815308,838,106.94100713729858,838,108.03404664993286,838,109.13971447944641,838,109.83504390716553,838,110.3251256942749,838,110.80626654624939,838,111.50486516952515,838,112.55500173568726,838,113.78510308265686,838,114.90065932273865,838,115.47324395179749,838,116.44832158088684,838,117.53891897201538,838,118.55923104286194,838,119.06946635246277,838,120.43851161003113,838,120.99691915512085,838,121.5404589176178,838,122.60536408424377,838,123.69817733764648,838,124.84229350090027,838,125.38636231422424,838,125.8448097705841,838,126.34921336174011,838,127.39723753929138,838,127.96722793579102,838,129.18080139160156,838,129.99302697181702,838,131.23129057884216,838,132.471764087677,838,133.458167552948,838,133.98242092132568,838,135.05852508544922,838,136.12544679641724,838,136.72478437423706,838,137.92539048194885,838,138.94356060028076,838,139.430899143219,838,140.01772952079773,838,140.5214729309082,838,141.04108548164368,838,142.17220878601074,838,142.7457401752472,838,144.46338152885437,838,145.6170904636383,838,146.94852113723755,838,147.64842462539673,838,148.68161869049072,838,150.0984377861023,838,150.68919014930725,838,151.71238541603088,838,152.21374249458313,838,152.8254566192627,838,154.06365060806274,835,156.21254014968872,835,157.0631046295166,834,158.04531264305115,834,158.5617961883545,833,159.35426378250122,831,160.39769005775452,831,161.06087565422058,831,161.86994791030884,831,163.01626682281494,831,164.18123245239258,831,164.98692750930786,828,165.73388290405273,824,166.36574149131775,823,167.09981203079224,823,168.28563141822815,823,168.80751585960388,822,170.42225861549377,822,170.98005485534668,818,171.64553880691528,818,172.81472754478455,814,174.0319321155548,814,175.07137799263,814,176.09821224212646,814,177.19519090652466,814,178.3136854171753,814,179.443101644516,814,182.21429586410522,814,182.74034810066223,814,183.20818758010864,814,184.5154891014099,814,185.64862442016602,814,186.16621446609497,814,186.73674631118774,814,187.8169412612915,814,188.90362882614136,814,190.25614953041077,814,190.72290706634521,814,191.27670645713806,814,192.51581859588623,814,193.19186544418335,814,193.6851761341095,814,194.65764021873474,814,195.139577627182,814,196.36135125160217,814,197.03827953338623,814,197.6857831478119,814,198.92467331886292,814,199.49276876449585,814,200.63951206207275,814,201.17299556732178,814,201.64873623847961,814,202.7516758441925,814,203.23964500427246,814,203.7651505470276,814,204.26413655281067,814,205.81849670410156,814,206.29200887680054,814,206.76542782783508,814,207.3224048614502,814,208.39721131324768,814,209.49426174163818,814,210.07242894172668,814,210.5844042301178,814,211.7708969116211,814,212.27848482131958,814,213.3151125907898,814,214.8251039981842,814,215.8630130290985,814,217.02908277511597,814,218.22656106948853,814,219.35763335227966,814,220.6412808895111,814,221.25353240966797,814,221.88102388381958,814,222.39100551605225,814,223.05499410629272,814,224.1875925064087,814,225.35265684127808,814,225.85180759429932,814,226.50758171081543,814,226.98873257637024,814,227.54147577285767,814,228.73461532592773,814,229.9306492805481,814,230.43384337425232,814,231.55165195465088,814,232.7235233783722,814,233.80922317504883,814,234.2521710395813,814,234.75739359855652,814,235.27168893814087,814,236.2242715358734,814,236.7620587348938,814,237.28781723976135,814,237.77226948738098,814,238.37543773651123,814,239.73089218139648,814,241.0958433151245,814,241.71427178382874,814,242.23191237449646,814,243.4768795967102,814,244.39617705345154,814,245.82401847839355,814,247.1473536491394,814,247.65498280525208,814,248.65715789794922,814,249.8090136051178,814,250.29355120658875,814,251.3546371459961,814,252.04672861099243,814,252.51855731010437,814,253.75477123260498,814,254.2520067691803,814,257.0519483089447,814,257.52959728240967,814,258.58493757247925,814,259.05455684661865,814,259.60850167274475,814,260.76873421669006,814,261.43847489356995,814,261.9370858669281,814,262.71184945106506,814,263.2383289337158,814,264.31059551239014,814,264.87348341941833,814,265.99161434173584,814,266.50768542289734,814,266.9725675582886,814,269.9577102661133,814,270.9889280796051,814,272.30702352523804,814,273.7145006656647,814,274.4566345214844,814,275.6199824810028,814,276.72239661216736,814,277.23910093307495,814,278.3921728134155,814,279.67158007621765,814,280.76573419570923,814,281.9797525405884,814,283.0365264415741,814,284.1102468967438,814,285.4096281528473,814,285.94852232933044,814,286.48955965042114,814,287.6180157661438,814,288.09429931640625,814,288.752539396286,814,289.899445772171,814,291.1690340042114,814,292.2593152523041,814,292.76125144958496,814,293.9478507041931,814,294.5500576496124,814,295.72634863853455,814,296.5672161579132,814,297.14066076278687,814,297.65645456314087,814,298.95748376846313,814,299.99615025520325,814,300.13644790649414
0,random graphs/triangle/r1.5k24n16/graph0.lgbin,6664,251.40900373458862,781,1739,0,1477,2.4519917964935303,1296,3.880333185195923,1146,5.667927503585815,1073,7.643243312835693,1037,8.713287115097046,1018,9.998584747314453,997,11.324251174926758,977,12.424030065536499,951,13.125539779663086,918,14.574632167816162,911,16.176121950149536,897,17.1878502368927,879,18.26159977912903,874,18.963713884353638,868,20.091221809387207,864,21.558785438537598,853,23.03130578994751,848,25.20639967918396,848,26.57402729988098,842,27.29363751411438,839,28.41487717628479,837,29.07593059539795,833,30.779072523117065,824,31.756269931793213,822,32.730711698532104,822,33.53546857833862,822,35.102782249450684,822,35.846017599105835,822,36.39163684844971,821,37.346506118774414,821,38.233378648757935,821,39.559487104415894,821,40.107616901397705,821,40.642563581466675,819,41.88226509094238,819,43.43713116645813,819,43.99011540412903,819,44.512712240219116,819,45.29065942764282,818,45.94888496398926,818,47.17240381240845,817,47.810914516448975,817,48.39364147186279,817,49.168593883514404,815,49.82147169113159,815,51.33738899230957,813,52.905946254730225,813,53.63430857658386,813,54.45624017715454,813,55.086249589920044,813,55.80508494377136,813,56.591437101364136,813,57.739867210388184,813,58.302534341812134,813,58.859318017959595,813,59.354034423828125,813,60.07038903236389,813,60.59701371192932,813,61.27288770675659,813,61.89742136001587,813,62.6686475276947,813,63.34422826766968,813,63.90263271331787,812,64.72521543502808,804,65.91989994049072,804,66.44864201545715,804,67.18214058876038,804,67.753653049469,804,68.89228296279907,804,69.68865060806274,804,71.3150463104248,804,72.00621223449707,804,72.9688880443573,804,73.78614497184753,804,74.3738181591034,804,75.15532445907593,804,75.91651511192322,804,76.62455868721008,804,77.16466903686523,804,77.76302242279053,804,78.41850805282593,804,78.94709753990173,804,79.5649926662445,804,81.01660323143005,804,81.51802968978882,803,82.26883721351624,803,82.79157876968384,803,84.2999336719513,803,85.79513835906982,803,86.33371472358704,803,86.95769119262695,803,87.49966716766357,803,88.03656053543091,803,88.55741238594055,799,89.78490257263184,799,90.50379514694214,799,91.23596429824829,799,91.99577212333679,799,92.6606969833374,799,93.18722748756409,799,93.69724917411804,799,94.26249074935913,799,94.80763149261475,799,95.59045195579529,799,96.34558510780334,799,96.94424724578857,799,98.0302345752716,799,98.88078761100769,799,99.45994234085083,799,100.01844644546509,799,100.62839865684509,799,101.99466109275818,799,102.56158423423767,799,103.29938387870789,799,104.0157310962677,799,104.54973196983337,792,105.46832776069641,792,106.25707745552063,791,107.08771252632141,791,108.43023228645325,791,109.00835514068604,790,110.38216948509216,790,110.95345640182495,790,111.56959748268127,790,112.11705231666565,789,112.9112958908081,789,114.21102952957153,789,115.0125904083252,789,115.68967652320862,789,116.46523594856262,789,117.26636719703674,789,117.85858345031738,788,118.48284840583801,788,119.09822106361389,788,119.7630832195282,788,120.53664565086365,788,121.1499855518341,788,121.76217079162598,788,122.29847311973572,788,122.89751887321472,788,123.45453953742981,788,124.04057192802429,788,126.20696330070496,788,126.79666519165039,788,127.32790851593018,788,127.88704705238342,788,128.602956533432,788,129.1568603515625,788,129.68038654327393,788,130.23674941062927,788,130.91821455955505,788,131.45994806289673,788,131.99761700630188,788,132.71471571922302,788,133.25431966781616,788,134.79025173187256,788,135.38304567337036,788,136.10234570503235,787,137.23251914978027,787,137.77437233924866,787,138.32215356826782,787,140.05810499191284,787,140.65449237823486,787,141.29226732254028,787,141.84868025779724,787,142.46766448020935,787,143.21473097801208,787,143.77332735061646,787,145.36160898208618,787,145.9721896648407,787,146.58099913597107,786,147.67889070510864,786,148.40065121650696,786,149.35137057304382,786,150.06468200683594,786,150.7697913646698,786,151.98521828651428,786,152.52088379859924,786,153.07117891311646,786,153.73439264297485,786,154.33451557159424,786,154.99447107315063,786,155.55342364311218,786,156.06035995483398,786,156.614887714386,786,157.2770059108734,786,157.99372386932373,786,158.54891347885132,786,159.29612493515015,786,159.7936840057373,786,160.3195686340332,786,161.82483005523682,786,162.48066997528076,786,163.14046335220337,786,164.81059002876282,786,165.69413805007935,786,166.20699667930603,786,166.7590618133545,786,167.37263798713684,786,168.17425918579102,786,170.36393880844116,786,171.99617910385132,786,172.57037591934204,786,173.0926353931427,786,173.73713731765747,786,174.42767453193665,786,175.14943528175354,786,175.6740608215332,786,176.27054691314697,786,176.86835527420044,786,177.60317826271057,786,179.09768176078796,786,179.82094144821167,786,181.75771069526672,786,182.30252718925476,786,183.86296248435974,786,184.46595764160156,786,185.00213527679443,786,185.59044885635376,786,186.191730260849,786,186.77021265029907,786,188.52359056472778,786,189.103102684021,786,190.5738799571991,786,191.19100904464722,786,191.79262733459473,786,192.3705837726593,786,193.06963682174683,786,194.0041139125824,786,195.46124505996704,786,196.98485255241394,786,197.52944111824036,786,198.0946717262268,786,198.82555413246155,786,199.33377838134766,786,199.89073634147644,786,200.44851398468018,786,201.09757089614868,786,201.8503303527832,786,202.69514060020447,786,203.2413775920868,786,204.39583110809326,786,204.9647057056427,786,205.4474368095398,786,205.95771265029907,786,206.48708367347717,786,207.17182111740112,786,207.86385679244995,786,208.42037343978882,786,209.07565784454346,786,209.65372967720032,786,210.18181037902832,786,211.36320233345032,786,212.09503960609436,786,212.7607114315033,786,213.3043999671936,786,214.83429956436157,786,215.4332823753357,786,216.01223063468933,786,216.54796290397644,786,217.1127007007599,786,217.85915994644165,786,218.40388441085815,786,219.16336488723755,786,219.72117614746094,786,220.40288162231445,786,221.28476667404175,786,222.06533670425415,786,222.60968685150146,786,223.36937141418457,786,223.95461702346802,786,224.71576380729675,786,225.2189121246338,786,226.38715267181396,786,226.99171543121338,786,227.56761980056763,786,229.3707354068756,786,230.07283282279968,786,230.92402982711792,786,231.75186920166016,786,232.518301486969,783,233.8466923236847,781,234.6135013103485,781,235.69602179527283,781,236.21973133087158,781,237.04135298728943,781,237.82218098640442,781,238.61684441566467,781,239.2487165927887,781,239.75695419311523,781,240.32496452331543,781,240.8822889328003,781,241.40670704841614,781,243.0865535736084,781,243.67421960830688,781,244.18134665489197,781,244.73900151252747,781,245.24145770072937,781,245.8390018939972,781,246.35132789611816,781,246.86763620376587,781,247.5888056755066,781,248.3126118183136,781,249.00462412834167,781,249.68798971176147,781,250.17895650863647,781,250.75054025650024,781,251.25353050231934,781,252.29574918746948,781,252.8253448009491,781,253.50865864753723,781,253.98265480995178,781,254.54048895835876,781,255.09843969345093,781,255.6054446697235,781,256.15162992477417,781,256.629088640213,781,257.31742334365845,781,257.8439326286316,781,259.204806804657,781,259.90409994125366,781,260.4406154155731,781,261.0015821456909,781,261.50532579421997,781,262.89541506767273,781,263.47121000289917,781,264.10488986968994,781,264.6564347743988,781,266.2720756530762,781,266.7995023727417,781,267.3389267921448,781,267.87838101387024,781,269.63776659965515,781,270.3445723056793,781,270.81379795074463,781,272.4145932197571,781,273.1358606815338,781,273.6246745586395,781,274.12293338775635,781,274.6037721633911,781,276.0561168193817,781,277.4403986930847,781,278.48592710494995,781,279.2524199485779,781,279.7963593006134,781,280.32329773902893,781,281.01334953308105,781,281.8007230758667,781,282.4342849254608,781,282.9725625514984,781,283.6485950946808,781,284.2427668571472,781,284.8096797466278,781,285.4749662876129,781,286.12691950798035,781,286.6591818332672,781,287.3221561908722,781,287.83823013305664,781,288.5827577114105,781,289.1325252056122,781,289.88118863105774,781,290.66340708732605,781,291.33807158470154,781,292.00304770469666,781,292.5031101703644,781,293.0282130241394,781,293.5668363571167,781,294.105938911438,781,294.6197018623352,781,295.2440447807312,781,295.73402428627014,781,296.28631925582886,781,296.78728699684143,781,297.2594676017761,781,297.8422372341156,781,298.37886238098145,781,298.8838999271393,781,299.40315341949463,781,299.93881916999817,781,300.13064789772034
1,random graphs/triangle/r1.5k24n16/graph1.lgbin,6664,247.90040111541748,748,1622,0,1298,1.773616075515747,1201,3.6411237716674805,1157,4.450532913208008,1038,6.12238621711731,969,8.32244873046875,935,9.188728094100952,913,10.007758378982544,906,11.075330972671509,891,11.96340537071228,865,12.848848342895508,850,14.24025583267212,841,15.405627489089966,830,16.192904233932495,829,18.868565559387207,829,19.951249599456787,829,21.395212411880493,826,22.060369729995728,814,22.899540662765503,812,24.21096158027649,810,24.880512952804565,801,25.935459852218628,797,26.940953969955444,797,27.874462842941284,786,28.784184455871582,785,30.01166296005249,777,30.6483736038208,770,31.38927412033081,767,32.08534622192383,767,32.98113417625427,767,33.49164390563965,767,35.28064846992493,767,35.99683737754822,767,36.48168587684631,765,37.458264112472534,765,38.45392942428589,765,39.07537031173706,765,39.74485754966736,765,40.40652632713318,765,41.12686586380005,765,41.77566957473755,765,42.39543700218201,765,43.02251172065735,765,43.66711783409119,765,44.181519508361816,765,44.61104679107666,765,45.22472953796387,765,45.74174880981445,765,46.38367462158203,765,47.080730676651,765,47.82366585731506,765,48.321524143218994,765,48.76452589035034,765,49.288331270217896,765,50.86434578895569,765,51.5398485660553,765,52.108691930770874,765,52.78957176208496,765,53.44775104522705,765,53.94771862030029,765,54.697054386138916,765,55.358816146850586,765,55.937467098236084,765,56.557700395584106,765,57.27593660354614,765,57.823010206222534,764,59.05822443962097,764,59.703563928604126,764,60.239098072052,764,60.803144454956055,764,62.842564821243286,764,63.438236713409424,763,65.32046270370483,763,66.85424828529358,763,67.76145362854004,763,68.35344195365906,763,68.91172933578491,763,69.38685274124146,763,69.85532140731812,763,70.43162131309509,763,71.03401255607605,763,71.53222131729126,763,72.17294526100159,763,72.61991715431213,763,73.08740830421448,763,73.67305731773376,763,74.5436954498291,763,75.06498384475708,763,75.59416913986206,763,76.81917786598206,763,77.54835176467896,763,78.22148323059082,760,79.10147881507874,759,79.63307094573975,759,80.16321444511414,759,80.67793607711792,759,81.16093158721924,758,81.73434615135193,758,82.460857629776,758,83.15359020233154,758,83.77586913108826,758,84.40184211730957,758,85.03473353385925,758,86.02444410324097,758,87.14654445648193,758,87.64626169204712,758,88.2398693561554,758,88.71211218833923,758,89.19833278656006,758,89.82612371444702,758,90.45835447311401,758,90.90038847923279,758,92.8229603767395,758,93.4341790676117,758,93.95832824707031,758,94.67841958999634,758,95.3780665397644,758,95.98058652877808,758,97.483243227005,758,98.11464953422546,758,98.81036281585693,758,99.45384788513184,758,100.42655444145203,758,100.95052289962769,758,101.4905207157135,758,102.16346287727356,758,103.93037557601929,758,104.69981169700623,758,105.31832504272461,758,106.72726273536682,758,107.1917815208435,758,107.83773732185364,758,108.30373573303223,758,109.92412257194519,758,110.4099862575531,758,110.92862629890442,758,111.64784073829651,758,112.34728622436523,758,113.07413983345032,758,113.61509251594543,758,114.08530950546265,758,114.61522483825684,758,115.08460831642151,758,115.71914839744568,758,116.37915253639221,758,116.9677221775055,758,117.75987362861633,758,118.32838749885559,758,118.823650598526,758,119.27890253067017,758,119.9760262966156,758,120.4691150188446,758,121.02974700927734,758,121.63434100151062,758,122.14487814903259,758,122.69379758834839,758,123.31591796875,758,123.87247681617737,758,124.33831930160522,758,124.9674723148346,758,125.43224763870239,758,126.34363794326782,758,127.05705428123474,758,127.56855535507202,758,128.1872570514679,758,128.65784406661987,758,129.88598227500916,755,130.52179765701294,753,131.39826154708862,752,132.32770800590515,752,132.78480744361877,752,133.2480034828186,751,133.98488330841064,750,134.54492378234863,750,135.0105061531067,750,135.5075192451477,750,135.9676911830902,749,136.60375714302063,748,137.1953616142273,748,137.82738041877747,748,138.32721877098083,748,138.91594743728638,748,139.4985327720642,748,140.2214846611023,748,140.85240697860718,748,141.3316421508789,748,142.18588256835938,748,142.73041248321533,748,143.36719679832458,748,144.57973718643188,748,145.046550989151,748,145.67779183387756,748,146.13014316558838,748,146.85540342330933,748,147.43205070495605,748,148.8767032623291,748,149.5432140827179,748,150.1225950717926,748,150.71240758895874,748,151.17692732810974,748,151.81029152870178,748,152.46316385269165,748,153.05922079086304,748,153.50792360305786,748,154.00581622123718,748,154.52678298950195,748,155.18445134162903,748,155.7987847328186,748,156.75277066230774,748,157.32882499694824,748,158.05576610565186,748,159.42446541786194,748,160.10999035835266,748,161.53583097457886,748,162.1534321308136,748,162.68376803398132,748,163.17165803909302,748,163.6936469078064,748,165.42598795890808,748,166.24449729919434,748,166.88539052009583,748,167.51419258117676,748,168.15870690345764,748,168.63506960868835,748,169.130863904953,748,169.77079486846924,748,170.4797134399414,748,171.0787296295166,748,171.77958393096924,748,172.9126534461975,748,173.58646154403687,748,174.72120261192322,748,175.22339725494385,748,175.95461344718933,748,176.58416724205017,748,177.01973223686218,748,177.71051716804504,748,178.53677010536194,748,179.02265310287476,748,179.656396150589,748,180.26814198493958,748,180.89033818244934,748,181.3389070034027,748,182.07231259346008,748,182.70809268951416,748,183.2088565826416,748,183.68166208267212,748,184.7252311706543,748,185.24338102340698,748,185.8737199306488,748,186.88539958000183,748,187.4210307598114,748,188.04759120941162,748,188.67751049995422,748,189.39733743667603,748,189.84603142738342,748,190.38960003852844,748,191.02429628372192,748,191.65949630737305,748,192.30474424362183,748,193.26440024375916,748,195.06588530540466,748,195.63917016983032,748,196.29402828216553,748,196.90902638435364,748,197.56384420394897,748,198.2065954208374,748,198.80368208885193,748,199.44750094413757,748,199.885244846344,748,200.39544224739075,748,201.12587571144104,748,201.5759813785553,748,202.24514818191528,748,202.76695036888123,748,203.56774497032166,748,204.07866787910461,748,204.6740801334381,748,205.16058945655823,748,205.6387059688568,748,206.28370094299316,748,207.45956802368164,748,208.10216331481934,748,208.66114473342896,748,209.2530505657196,748,210.00552201271057,748,210.57753896713257,748,211.17592787742615,748,211.7486071586609,748,212.39298748970032,748,212.8903932571411,748,213.469660282135,748,214.05122017860413,748,214.79627513885498,748,215.3900134563446,748,216.0413954257965,748,216.69998335838318,748,217.28545665740967,748,218.0087378025055,748,218.6605281829834,748,219.1692759990692,748,220.81549739837646,748,221.33368945121765,748,221.8491780757904,748,222.46747255325317,748,223.04736304283142,748,223.7425355911255,748,224.3799750804901,748,224.84212827682495,748,225.50808143615723,748,226.1109800338745,748,226.58668208122253,748,227.2076268196106,748,227.74321007728577,748,228.29844164848328,748,228.85723114013672,748,229.38407254219055,748,230.7361354827881,748,231.2815625667572,748,233.03428101539612,748,233.64021730422974,748,234.2428970336914,748,235.63679194450378,748,237.30227136611938,748,237.83305382728577,748,238.88512206077576,748,239.49916887283325,748,240.09007501602173,748,241.3020076751709,748,241.92667627334595,748,243.11592078208923,748,243.6558973789215,748,244.2030966281891,748,244.892263174057,748,245.4252986907959,748,245.97534132003784,748,246.43317079544067,748,247.1572184562683,748,247.62655520439148,748,248.43240690231323,748,248.97988200187683,748,249.59587478637695,748,250.37351965904236,748,251.06777119636536,748,251.76264667510986,748,252.56788277626038,748,253.1304156780243,748,253.76767134666443,748,254.27352094650269,748,254.85154032707214,748,255.5710780620575,748,256.3659963607788,748,256.9023039340973,748,257.42566561698914,748,258.1330826282501,748,258.6396758556366,748,259.38639092445374,748,259.8792157173157,748,261.3855700492859,748,261.82693696022034,748,262.38844323158264,748,262.85460090637207,748,263.292516708374,748,263.7355389595032,748,264.3730158805847,748,264.825688123703,748,265.33961820602417,748,265.87082958221436,748,266.3402273654938,748,266.79935574531555,748,267.27946066856384,748,267.8110935688019,748,268.33938431739807,748,268.9340329170227,748,269.396977186203,748,269.90442848205566,748,271.0461995601654,748,271.7523491382599,748,272.37210273742676,748,273.0589756965637,748,273.6096622943878,748,274.1880519390106,748,274.7553768157959,748,275.4053430557251,748,275.86278343200684,748,276.4067952632904,748,277.00129079818726,748,277.52515745162964,748,278.13860154151917,748,278.6458811759949,748,279.1523611545563,748,279.6558916568756,748,280.1255238056183,748,280.80823612213135,748,281.3554241657257,748,282.15092182159424,748,282.7482969760895,748,283.2538046836853,748,283.73510813713074,748,284.4249470233917,748,284.9795377254486,748,285.6398696899414,748,286.16540575027466,748,286.9305319786072,748,287.98638224601746,748,289.4636766910553,748,290.85348653793335,748,291.3778614997864,748,292.03503036499023,748,292.4726641178131,748,293.76453733444214,748,294.3244161605835,748,294.9567356109619,748,295.47627353668213,748,295.93373250961304,748,296.40571451187134,748,296.8956971168518,748,297.34006094932556,748,297.82123255729675,748,298.47811794281006,748,299.00848960876465,748,299.50059270858765,748,300.1474051475525
2,random graphs/triangle/r1.5k24n16/graph2.lgbin,6664,256.7533519268036,773,1672,0,1331,7.359788179397583,1205,9.485205888748169,1047,12.665196180343628,992,13.265729427337646,947,14.635232925415039,925,16.773721933364868,879,17.705710649490356,874,18.348971128463745,865,19.072797775268555,853,19.794673204421997,841,22.38402771949768,837,23.642930269241333,835,24.189680814743042,823,25.534696578979492,819,27.13013529777527,814,28.62896704673767,812,29.788832426071167,804,31.070032596588135,804,31.640607833862305,804,32.941656827926636,803,33.84476137161255,801,34.60072731971741,800,35.24689698219299,799,36.09115266799927,798,36.73603296279907,798,38.36261463165283,798,39.929550886154175,798,41.58458638191223,798,42.80237793922424,798,43.364619970321655,798,44.017422676086426,798,45.34564757347107,798,45.8703498840332,798,46.54590177536011,798,47.622007608413696,798,49.74748921394348,793,50.9531364440918,791,52.04213237762451,791,53.324394941329956,791,53.90602898597717,790,54.530211210250854,790,55.123613595962524,788,55.92362403869629,788,57.920485734939575,788,58.437063694000244,788,59.2265625,788,59.71103596687317,787,61.48028111457825,787,62.053558588027954,787,62.646708965301514,787,63.35220980644226,787,63.896111726760864,787,64.42978239059448,787,65.7926881313324,787,67.94668817520142,787,72.21087217330933,787,73.77614092826843,787,74.40007734298706,787,75.16198563575745,784,75.79017972946167,782,76.71498227119446,782,77.33626055717468,782,77.89907598495483,782,78.57575416564941,782,79.27681016921997,781,81.26884388923645,780,82.74446988105774,780,83.36806583404541,780,84.27230286598206,780,85.44888877868652,780,85.97846293449402,780,86.54502129554749,780,87.83955407142639,780,88.68935108184814,778,89.3882520198822,778,89.93573570251465,778,90.62560844421387,778,91.21119832992554,778,92.46887159347534,778,92.96549391746521,778,93.46118092536926,778,94.62854266166687,778,95.26310443878174,778,95.8346266746521,778,96.42099213600159,778,97.05006575584412,778,97.72921299934387,778,98.50981116294861,778,99.12984943389893,778,99.68350148200989,778,100.3347578048706,778,101.06300497055054,778,101.6655044555664,778,103.82968997955322,778,104.48260855674744,778,105.1911232471466,777,105.88160061836243,776,106.4361674785614,776,107.23682999610901,776,108.38463425636292,776,109.17839193344116,776,109.6712601184845,776,110.2273964881897,776,110.78027033805847,776,111.47452735900879,776,112.66086912155151,776,113.15476608276367,774,114.37939596176147,774,114.87630581855774,774,115.447092294693,773,116.0930712223053,773,116.69909501075745,773,118.24591755867004,773,119.1185359954834,773,120.03506135940552,773,120.61738467216492,773,121.32919073104858,773,121.90655207633972,773,123.19871258735657,773,123.8712112903595,773,124.35954284667969,773,125.41783380508423,773,126.08394718170166,773,127.11668419837952,773,127.62155938148499,773,128.17132878303528,773,128.66400861740112,773,129.1770408153534,773,130.02311253547668,773,131.4098358154297,773,132.63920640945435,773,133.38703083992004,773,134.59863233566284,773,136.7394723892212,773,137.29617643356323,773,138.07311296463013,773,138.69059014320374,773,139.2320237159729,773,140.3331344127655,773,140.90894865989685,773,141.5689516067505,773,143.27288222312927,773,143.9079349040985,773,144.71494054794312,773,145.7672882080078,773,146.81835651397705,773,147.46367597579956,773,148.18222427368164,773,148.71457076072693,773,149.27328085899353,773,149.80064129829407,773,150.45039010047913,773,151.04790258407593,773,151.58133101463318,773,152.180757522583,773,153.24390053749084,773,153.80126547813416,773,154.30059504508972,773,155.05816531181335,773,155.8576328754425,773,156.57629799842834,773,157.14144277572632,773,157.64203333854675,773,158.2928102016449,773,159.35711097717285,773,160.69274497032166,773,161.2797350883484,773,161.922057390213,773,162.4463267326355,773,164.7255744934082,773,165.39791202545166,773,166.4445128440857,773,166.91405272483826,773,167.49453830718994,773,168.12390184402466,773,168.6293966770172,773,169.21082973480225,773,170.42425894737244,773,170.94286227226257,773,171.76027154922485,773,172.29936933517456,773,173.02298021316528,773,173.71751618385315,773,174.52687168121338,773,175.1367747783661,773,175.8224036693573,773,176.34315037727356,773,177.10933828353882,773,177.710266828537,773,178.24109435081482,773,178.74342036247253,773,179.23052334785461,773,179.93636894226074,773,180.97116327285767,773,181.95155024528503,773,182.65094137191772,773,183.1287624835968,773,183.69770050048828,773,184.28451442718506,773,184.83319330215454,773,186.10191178321838,773,187.144593000412,773,187.82376313209534,773,188.40970492362976,773,189.18587064743042,773,191.8881688117981,773,192.4547083377838,773,193.00499820709229,773,193.57115411758423,773,194.14639735221863,773,194.68905377388,773,195.247713804245,773,195.94603657722473,773,196.75163960456848,773,198.86457347869873,773,199.7063446044922,773,200.53479146957397,773,201.14154744148254,773,201.79038858413696,773,202.2659673690796,773,203.04107308387756,773,203.56715941429138,773,204.15465784072876,773,205.04165410995483,773,205.5647828578949,773,206.40289282798767,773,206.87361669540405,773,207.43415522575378,773,208.71137642860413,773,209.49036026000977,773,210.27118730545044,773,210.81218957901,773,211.3761510848999,773,211.90226340293884,773,212.64544701576233,773,213.1977481842041,773,213.80471110343933,773,214.44465804100037,773,215.03084063529968,773,215.74245429039001,773,216.27878260612488,773,216.80558800697327,773,217.67839431762695,773,218.3318374156952,773,219.00175976753235,773,219.55847811698914,773,220.1250262260437,773,220.67905282974243,773,221.2863347530365,773,223.9243803024292,773,224.49735736846924,773,225.3563539981842,773,225.94273972511292,773,226.52758145332336,773,226.9848871231079,773,227.84599113464355,773,228.49800729751587,773,229.00339221954346,773,229.88518261909485,773,230.48517322540283,773,231.51443648338318,773,232.19945979118347,773,232.6802999973297,773,233.2810776233673,773,234.16888308525085,773,234.73881840705872,773,235.33538436889648,773,235.9850857257843,773,236.46468091011047,773,236.96199822425842,773,237.82464480400085,773,238.45922255516052,773,239.06673049926758,773,239.6406111717224,773,240.15600872039795,773,240.69264721870422,773,241.2245490550995,773,241.733980178833,773,242.30938959121704,773,242.82698225975037,773,244.01999473571777,773,244.61842918395996,773,245.12260746955872,773,245.86235880851746,773,246.60226774215698,773,247.19894886016846,773,247.76122403144836,773,248.34035348892212,773,248.86607789993286,773,249.5514018535614,773,250.49736046791077,773,251.71344876289368,773,252.33315420150757,773,253.05202531814575,773,254.94320964813232,773,255.58743357658386,773,257.211740732193,773,258.3941705226898,773,258.99538230895996,773,259.5323839187622,773,260.1036400794983,773,261.18428921699524,773,261.67748618125916,773,262.23220205307007,773,263.36884665489197,773,263.9563002586365,773,264.4759404659271,773,265.26906728744507,773,266.14499020576477,773,266.669171333313,773,267.8072512149811,773,268.4033691883087,773,269.1329915523529,773,269.8599865436554,773,270.4101815223694,773,271.1537823677063,773,271.6678900718689,773,272.3183662891388,773,272.8374481201172,773,273.37301540374756,773,273.9145908355713,773,274.44366455078125,773,275.10960054397583,773,275.94772028923035,773,276.4538822174072,773,277.50702357292175,773,278.0794024467468,773,278.7871005535126,773,279.5005989074707,773,280.2215383052826,773,281.28632378578186,773,281.93631505966187,773,282.5443332195282,773,283.0402355194092,773,283.60011291503906,773,284.1656529903412,773,284.7460570335388,773,285.40261936187744,773,287.58613562583923,773,289.1423282623291,773,289.67696166038513,773,290.27082657814026,773,290.8140139579773,773,293.1401607990265,773,294.5680720806122,773,295.092383146286,773,295.6598787307739,773,296.38860535621643,773,297.0209300518036,773,297.49161767959595,773,298.7101526260376,773,299.37029361724854,773,300.12707924842834
3,random graphs/triangle/r1.5k24n16/graph3.lgbin,6664,245.37066674232483,753,1682,0,1348,1.7560594081878662,1210,2.4850966930389404,1072,4.3059210777282715,1019,5.874980688095093,967,7.102401256561279,911,7.759778261184692,884,8.376203060150146,867,9.068325757980347,851,9.831201076507568,844,10.40702748298645,837,11.690111637115479,836,12.294296979904175,832,13.014917373657227,829,14.757889986038208,823,15.461745023727417,818,16.038825035095215,816,16.62148904800415,815,17.499217748641968,812,18.282694101333618,812,18.78900933265686,809,19.445197343826294,802,20.333075523376465,799,20.935101985931396,798,21.529858112335205,796,23.082947492599487,793,23.753910541534424,793,24.370664358139038,792,24.946396827697754,789,25.778303146362305,787,27.056787967681885,786,27.746166706085205,786,28.242974996566772,786,28.83424973487854,785,29.52898931503296,785,30.13683295249939,785,30.68000602722168,785,31.200580835342407,785,31.696449518203735,785,33.031224727630615,785,33.6181423664093,784,34.18586754798889,784,35.369962215423584,784,35.870198488235474,783,36.44674491882324,783,37.06425642967224,783,37.58818173408508,783,38.09264540672302,781,38.704384088516235,781,39.214107275009155,780,40.03991723060608,777,40.65692663192749,776,41.3746383190155,776,42.09951877593994,776,43.3469762802124,776,44.918102979660034,776,45.50935697555542,776,45.987794399261475,776,46.71621060371399,775,47.98763465881348,775,48.52867913246155,775,49.17375826835632,775,49.99213218688965,775,50.52418375015259,775,51.13230228424072,775,51.61535620689392,775,52.11776113510132,775,52.80414414405823,775,53.50727105140686,775,54.96861982345581,775,55.55454087257385,775,56.080322265625,775,56.603487730026245,775,57.13550114631653,775,57.654780626297,775,58.980034589767456,775,59.552796363830566,775,60.09428095817566,775,60.70881414413452,775,61.23318910598755,775,61.758212089538574,775,62.560179710388184,775,63.300583600997925,775,64.41821360588074,775,64.95853281021118,772,65.51356244087219,772,66.00645542144775,772,66.52691006660461,772,67.03305554389954,772,67.59658861160278,772,68.10495853424072,772,68.5990138053894,772,69.11270093917847,772,69.84015107154846,772,70.50090670585632,772,71.01236605644226,772,71.6427059173584,772,72.91520714759827,771,73.80816984176636,769,74.44550156593323,769,74.94613528251648,769,75.53936505317688,769,76.05476355552673,769,76.60605001449585,769,77.20179486274719,769,77.78247547149658,769,78.97595238685608,769,79.47214007377625,769,79.97510814666748,769,81.26187229156494,769,81.78746342658997,769,82.23759531974792,769,82.75482964515686,769,83.44205021858215,769,83.98345065116882,769,84.57628870010376,769,85.04693698883057,769,85.60459423065186,769,86.1094274520874,769,86.6003189086914,769,87.23195052146912,769,87.76806950569153,769,88.26572179794312,769,88.8087465763092,769,89.59833812713623,769,90.18050003051758,769,90.76091384887695,769,91.29303431510925,769,91.75770545005798,769,92.25060486793518,769,92.73975110054016,769,93.32968020439148,769,93.82089042663574,769,94.55178642272949,769,95.72118067741394,769,96.20717287063599,769,96.79262447357178,769,97.3364577293396,769,97.94123244285583,769,98.62562346458435,769,100.00644993782043,769,100.60258054733276,769,101.07712388038635,769,101.59716558456421,769,102.76335120201111,769,103.22666120529175,769,103.78525352478027,769,104.32814168930054,769,104.90914869308472,769,105.50186061859131,769,106.28326869010925,769,106.76346516609192,769,108.19775414466858,769,108.79637813568115,769,109.34361457824707,769,109.80917739868164,769,110.43491077423096,769,111.81272792816162,769,112.32665348052979,769,112.83101201057434,769,113.39328098297119,769,113.87233400344849,769,114.38606810569763,769,114.91245412826538,769,115.44865083694458,769,116.00641226768494,769,116.80518889427185,769,117.78776717185974,769,118.31323409080505,769,118.95332741737366,769,120.07759189605713,769,120.66586971282959,769,121.22663640975952,769,121.72136092185974,769,122.22980952262878,769,122.72829675674438,769,123.38702654838562,769,123.88072276115417,769,124.37784337997437,769,125.84786105155945,769,126.34168982505798,769,126.83194208145142,769,127.31640338897705,769,127.83408498764038,769,128.317387342453,769,128.88951802253723,769,129.44628286361694,769,130.117356300354,769,130.5846095085144,769,131.2092535495758,769,132.4728569984436,769,132.98076581954956,769,133.52159667015076,769,134.72921466827393,769,135.2960696220398,769,136.77971768379211,769,137.3019859790802,769,137.82544350624084,769,138.4101448059082,769,138.9699411392212,769,139.4778130054474,769,140.05966711044312,769,141.30663013458252,769,147.8539514541626,769,148.40595984458923,769,149.02277994155884,769,150.3677797317505,769,150.88997220993042,769,151.40672898292542,769,151.98454761505127,769,152.51466512680054,769,153.19628310203552,769,153.69704055786133,769,154.2467565536499,769,154.7385175228119,769,155.26140999794006,769,155.83800387382507,769,156.37486958503723,769,156.892924785614,769,157.3900327682495,769,158.0145571231842,769,158.5051302909851,769,159.97528171539307,769,160.99362015724182,769,161.53187155723572,769,162.44393038749695,769,163.54973340034485,769,164.88495326042175,769,165.41870784759521,769,166.0516495704651,769,166.49977326393127,769,167.01191926002502,769,167.52892065048218,769,168.00763630867004,769,168.50541496276855,769,169.56189441680908,769,170.07747197151184,769,170.76241278648376,769,171.28686904907227,769,171.87402987480164,769,172.34476900100708,769,172.88771605491638,769,173.4229118824005,769,173.95970630645752,769,174.77764248847961,769,175.47854900360107,769,175.96181511878967,769,176.64027452468872,769,177.17691111564636,769,177.666024684906,769,178.16934156417847,769,178.7281277179718,769,179.3306679725647,769,179.9409191608429,769,181.08942222595215,769,181.59651708602905,769,182.1634283065796,769,182.73480653762817,769,183.49427270889282,769,184.34626984596252,769,185.43153738975525,769,186.0492238998413,769,186.59297108650208,769,187.40593004226685,769,188.09933853149414,769,188.6392903327942,769,189.2266595363617,769,189.71828317642212,769,190.22589659690857,769,190.75019693374634,769,191.21435928344727,769,191.74587178230286,769,192.91676115989685,769,193.4287416934967,769,194.11434268951416,769,194.68599462509155,769,195.5742268562317,769,196.08017230033875,769,196.569349527359,769,197.1008505821228,769,197.6011824607849,769,198.23040223121643,769,198.75738286972046,769,199.3002052307129,769,199.92227172851562,769,200.5547993183136,769,201.28322958946228,769,201.84274697303772,769,202.69064235687256,769,203.20298981666565,769,203.79597973823547,769,204.30628275871277,769,205.5556240081787,769,206.07788109779358,769,206.60623955726624,769,207.12118530273438,769,207.59166479110718,769,208.19765067100525,769,208.94456315040588,769,209.47991132736206,769,210.01319861412048,769,210.49536228179932,769,211.06700539588928,769,211.59435081481934,769,212.13631582260132,769,212.659428358078,769,213.2317669391632,768,214.6276228427887,763,215.9204466342926,763,216.49876189231873,762,217.08928275108337,762,217.7783555984497,762,218.34421110153198,761,219.0504915714264,761,219.64236903190613,761,220.12948989868164,761,221.23183131217957,761,221.79437565803528,761,222.33326292037964,761,222.84174799919128,761,223.38035368919373,761,223.89081263542175,761,224.43034672737122,761,224.97527194023132,761,225.64910244941711,761,226.13699579238892,761,226.73312664031982,761,227.2181375026703,761,227.79766011238098,761,228.30338311195374,761,228.83458256721497,758,229.39096522331238,758,230.0009410381317,758,230.53559923171997,758,231.36332607269287,758,232.10232400894165,758,232.65808749198914,758,233.16104936599731,758,233.6754412651062,758,234.23551869392395,756,235.2714171409607,753,235.8169822692871,753,236.32866859436035,753,236.87376403808594,753,237.38890075683594,753,237.95253252983093,753,238.57558751106262,753,239.10221886634827,753,239.60154485702515,753,240.18217372894287,753,241.16789054870605,753,241.63336181640625,753,242.14824748039246,753,242.6686029434204,753,243.19846725463867,753,243.7047781944275,753,244.24598050117493,753,244.80518698692322,753,245.9034321308136,753,246.43281054496765,753,247.07003021240234,753,247.54703783988953,753,248.08187103271484,753,248.5798408985138,753,249.16947221755981,753,249.7471935749054,753,250.2990882396698,753,251.1191143989563,753,251.6861608028412,753,252.20652985572815,753,252.88263320922852,753,253.3591468334198,753,253.86115336418152,753,254.35759377479553,753,254.97014474868774,753,255.40316200256348,753,255.91816878318787,753,256.49006628990173,753,256.9866359233856,753,257.6716125011444,753,258.6701877117157,753,259.2170162200928,753,259.85066866874695,753,260.41159868240356,753,260.8797769546509,753,261.394811630249,753,261.90367555618286,753,262.5944273471832,753,263.0748291015625,753,263.5761148929596,753,264.1355171203613,753,264.57344818115234,753,265.17626452445984,753,265.6509621143341,753,266.1558554172516,753,266.62136340141296,753,267.6302800178528,753,268.14758920669556,753,268.668958902359,753,269.1842679977417,753,269.6838014125824,753,270.2085528373718,753,270.77422404289246,753,271.33652806282043,753,271.91254448890686,753,272.54692339897156,753,273.05750918388367,753,273.61541271209717,753,274.20778584480286,753,274.7201175689697,753,275.21711444854736,753,275.71647024154663,753,277.076189994812,753,277.63659024238586,753,278.16187047958374,753,279.2051913738251,753,279.6749987602234,753,280.2402846813202,753,280.69415378570557,753,281.29301404953003,753,282.27449083328247,753,282.79914116859436,753,283.28764390945435,753,283.8459806442261,753,284.34520745277405,753,284.8902659416199,753,285.34466075897217,753,285.7983922958374,753,287.1789638996124,753,287.7346246242523,753,288.4417088031769,753,289.0126268863678,753,289.50754046440125,753,290.0101854801178,753,290.5330035686493,753,291.0086796283722,753,291.50964426994324,753,292.14272236824036,753,292.66024231910706,753,293.1646394729614,753,293.6953582763672,753,294.2501232624054,753,294.7337689399719,753,295.36660265922546,753,295.9186637401581,753,296.41592025756836,753,296.90698051452637,753,297.4737982749939,753,298.23491048812866,753,298.7975060939789,753,299.31561636924744,753,299.8228528499603,753,300.1224174499512
4,random graphs/triangle/r1.5k24n16/graph4.lgbin,6664,254.96735382080078,841,1770,0,1371,2.647869110107422,1242,3.885990619659424,1079,5.496178865432739,1034,7.669733762741089,1012,8.832430839538574,993,9.945873022079468,972,11.157535314559937,964,12.398098707199097,954,13.54761290550232,943,15.518100500106812,918,16.929919958114624,909,18.168856382369995,898,19.255669355392456,896,20.36529564857483,894,21.451757431030273,891,22.094502925872803,884,23.039817333221436,883,23.718321084976196,878,25.008504152297974,878,26.13653874397278,878,27.054925441741943,875,28.083091497421265,874,29.1891028881073,873,32.594505071640015,873,33.334556579589844,868,34.46646285057068,860,35.44729018211365,859,36.84266638755798,857,37.99621629714966,855,39.21289086341858,855,39.89165472984314,854,40.5584032535553,854,41.013757944107056,854,41.753023624420166,854,42.55795478820801,846,43.73641276359558,845,44.83984923362732,843,45.6991024017334,843,46.39594483375549,842,47.010881423950195,842,47.6823468208313,842,48.238301515579224,842,49.21307921409607,842,49.722708225250244,842,50.2301926612854,842,51.29883599281311,842,51.87185764312744,842,52.380656242370605,842,52.938981771469116,842,53.758981704711914,842,54.36896872520447,842,54.857500314712524,842,55.60328960418701,842,56.606425762176514,842,57.17412352561951,842,57.64274764060974,842,58.21277141571045,842,59.363383054733276,842,60.3688223361969,842,62.00725221633911,842,63.00175738334656,842,64.50725603103638,842,65.11682224273682,842,65.760249376297,842,66.84660077095032,842,67.37340259552002,842,67.85065722465515,842,68.36509537696838,842,68.8612380027771,842,69.3448097705841,842,69.85290312767029,842,70.32960963249207,842,71.58103346824646,842,72.09633231163025,842,72.7717649936676,842,73.32552766799927,842,73.7824034690857,842,74.37261772155762,842,74.8960599899292,842,75.98568868637085,842,76.92024779319763,842,77.5304946899414,842,78.13563323020935,842,79.3865156173706,842,79.92071771621704,842,80.41860008239746,842,80.90090847015381,842,82.6681866645813,842,83.25786089897156,842,83.89511847496033,842,84.57637095451355,842,85.06724691390991,842,86.26883244514465,842,87.54508018493652,842,88.0905089378357,842,88.63873648643494,842,89.2095456123352,842,89.76826453208923,842,90.49621963500977,842,91.62158679962158,842,92.16705584526062,842,92.7295184135437,842,93.26547169685364,841,93.92337656021118,841,94.42281532287598,841,95.11862587928772,841,95.62048697471619,841,96.13709926605225,841,96.88465595245361,841,97.43055963516235,841,98.57609367370605,841,99.0586040019989,841,100.08656144142151,841,101.17957854270935,841,102.26552629470825,841,102.71137499809265,841,103.69244718551636,841,104.64989280700684,841,105.32263135910034,841,106.24695014953613,841,106.74790406227112,841,107.266845703125,841,107.8349380493164,841,108.57837796211243,841,109.76568102836609,841,110.34543538093567,841,110.82762575149536,841,111.79425573348999,841,112.76170682907104,841,113.22671604156494,841,114.24500155448914,841,114.73600196838379,841,115.20945048332214,841,115.71315431594849,841,116.21635627746582,841,116.6988878250122,841,117.15770101547241,841,117.7892746925354,841,118.57400107383728,841,119.05443906784058,841,120.18894004821777,841,120.67056560516357,841,121.74151134490967,841,122.91763353347778,841,123.94305992126465,841,125.0855405330658,841,125.61033797264099,841,126.6839849948883,841,127.36501502990723,841,128.58008241653442,841,129.9022479057312,841,130.89108204841614,841,132.1799235343933,841,132.81366682052612,841,134.01186561584473,841,134.49521231651306,841,134.98441863059998,841,135.50696635246277,841,136.68408131599426,841,137.81875467300415,841,138.47683572769165,841,139.01059746742249,841,140.00085067749023,841,141.30460333824158,841,141.89193534851074,841,142.51214385032654,841,143.04557013511658,841,144.2502110004425,841,144.7655680179596,841,145.30632495880127,841,146.32625365257263,841,146.83862853050232,841,148.06823825836182,841,148.58021926879883,841,149.81309366226196,841,150.36300349235535,841,150.98122811317444,841,151.47705507278442,841,151.98139595985413,841,152.4771430492401,841,153.46885800361633,841,153.95531630516052,841,154.61177849769592,841,155.34629034996033,841,156.5636284351349,841,157.06719279289246,841,158.21347427368164,841,158.7224316596985,841,159.2365219593048,841,159.82656526565552,841,160.37602019309998,841,161.53584265708923,841,162.6403250694275,841,163.2421751022339,841,164.33658957481384,841,167.4060034751892,841,168.41089725494385,841,169.56104922294617,841,170.77519822120667,841,171.92529273033142,841,173.02309131622314,841,174.06821203231812,841,174.55889558792114,841,175.2123064994812,841,176.6459403038025,841,177.8635115623474,841,178.4366557598114,841,179.5588321685791,841,180.18761205673218,841,180.83952474594116,841,182.01644229888916,841,182.63277339935303,841,183.82711100578308,841,184.9810242652893,841,185.5277659893036,841,186.02969813346863,841,186.57026600837708,841,187.8658902645111,841,188.862943649292,841,190.08629393577576,841,191.31686782836914,841,191.90285229682922,841,192.41559433937073,841,192.89992213249207,841,194.08824181556702,841,194.76772618293762,841,195.50219917297363,841,195.99606800079346,841,196.46162271499634,841,196.96972560882568,841,197.51905035972595,841,198.6526427268982,841,199.16281366348267,841,200.35660529136658,841,201.03283739089966,841,201.5514464378357,841,202.65583443641663,841,203.68783831596375,841,204.75288271903992,841,205.31367683410645,841,205.84067964553833,841,206.42095065116882,841,206.9433240890503,841,208.0873486995697,841,209.53463625907898,841,210.0474944114685,841,210.62676978111267,841,211.14542889595032,841,212.34502291679382,841,213.8930308818817,841,215.1494858264923,841,215.69251084327698,841,216.16618084907532,841,216.79492807388306,841,217.88324189186096,841,218.39028906822205,841,218.9849545955658,841,219.52809238433838,841,220.80671763420105,841,221.3477873802185,841,222.50966930389404,841,223.74758505821228,841,224.8014862537384,841,225.30471563339233,841,225.82991528511047,841,226.97883772850037,841,228.20830917358398,841,229.1556215286255,841,229.94924449920654,841,230.46141505241394,841,230.95732164382935,841,231.61515998840332,841,232.12606143951416,841,233.43518042564392,841,234.43769001960754,841,235.14095664024353,841,235.69633793830872,841,236.27194547653198,841,237.51566815376282,841,238.26358342170715,841,238.74613070487976,841,239.19376611709595,841,239.71514439582825,841,240.27045392990112,841,240.83642888069153,841,241.29660367965698,841,242.34793519973755,841,243.06312227249146,841,243.56619095802307,841,244.17238926887512,841,244.86406803131104,841,246.1548957824707,841,246.80845618247986,841,248.0677831172943,841,248.60007524490356,841,249.87686467170715,841,250.4239776134491,841,250.94776678085327,841,251.46185779571533,841,252.77156805992126,841,253.85563492774963,841,254.33022356033325,841,255.54619646072388,841,256.557359457016,841,257.67182993888855,841,258.16490149497986,841,258.74449634552,841,259.2712140083313,841,260.3519494533539,841,261.4909505844116,841,262.6655900478363,841,263.79597067832947,841,264.2971522808075,841,264.7680859565735,841,265.40311551094055,841,265.92792797088623,841,266.49909353256226,841,267.1025745868683,841,268.6940395832062,841,269.21244740486145,841,270.2457995414734,841,270.72053384780884,841,271.30424070358276,841,271.7809069156647,841,272.5611295700073,841,273.1511104106903,841,274.15127778053284,841,274.5950083732605,841,275.25856471061707,841,276.40869092941284,841,276.95344376564026,841,277.4505820274353,841,278.54337549209595,841,279.68290734291077,841,280.16068601608276,841,281.5213711261749,841,282.22715187072754,841,282.7843658924103,841,283.3691358566284,841,284.5174765586853,841,285.0400719642639,841,285.5155363082886,841,286.65258407592773,841,287.722758769989,841,288.4166979789734,841,289.45665287971497,841,290.4669454097748,841,291.0271203517914,841,291.48810720443726,841,292.1942174434662,841,293.1794195175171,841,293.8572533130646,841,294.6459379196167,841,295.20316767692566,841,296.3392107486725,841,296.96314811706543,841,297.91861629486084,841,298.53264474868774,841,299.82489252090454,841,300.1393086910248
0,random graphs/triangle/r1.5k24n16/graph0.lgbin,6611,249.11822819709778,833,1739,0,1438,3.8709232807159424,1286,5.3836565017700195,1200,6.9005303382873535,1147,8.223640203475952,1079,11.968491554260254,1043,12.642686128616333,1016,13.398855447769165,994,14.134491443634033,966,14.86902141571045,951,15.457219362258911,924,16.56086564064026,920,18.382251977920532,918,19.20345449447632,914,19.92000389099121,912,20.594013929367065,903,21.339099645614624,900,22.028510093688965,897,22.611733436584473,897,23.12570023536682,896,23.850942373275757,896,25.520263671875,895,26.18779993057251,894,27.7923104763031,888,29.41456437110901,886,29.92303490638733,882,30.559341192245483,882,31.182588577270508,877,32.376394271850586,877,32.91177701950073,876,33.732062101364136,873,34.47150182723999,870,35.10012459754944,865,35.72137641906738,864,36.546295404434204,862,38.04187369346619,859,38.7394003868103,856,40.917678356170654,856,41.61626744270325,856,42.22322630882263,856,42.746443033218384,856,43.40523338317871,856,43.91598725318909,855,45.27680277824402,855,45.837035179138184,855,46.72071361541748,855,48.32825708389282,855,49.05554986000061,854,49.87431621551514,854,50.45392322540283,854,51.292152404785156,854,52.471447706222534,854,52.97789645195007,854,53.592965841293335,854,54.10541796684265,854,54.90403127670288,854,56.16176223754883,854,56.664814710617065,854,57.25546836853027,854,57.85369348526001,854,58.416083097457886,854,58.991300106048584,854,59.704304218292236,854,60.39128303527832,854,61.16293525695801,854,61.6850860118866,854,62.744049310684204,854,63.55552411079407,854,64.09011578559875,854,64.64692258834839,850,65.5885877609253,850,66.17933511734009,849,67.08895540237427,849,67.65173268318176,849,68.17387413978577,849,68.8871557712555,849,69.43021655082703,849,70.01109218597412,849,70.78936553001404,849,71.63742208480835,849,72.24117708206177,844,73.33482766151428,844,74.62429356575012,844,75.34054470062256,844,75.9183702468872,842,76.89577651023865,842,77.5440022945404,840,78.63217973709106,840,79.23018145561218,840,79.9109787940979,840,80.43864345550537,840,81.01733875274658,840,81.582364320755,840,82.37642478942871,840,83.12597632408142,840,83.71696543693542,840,84.31106495857239,840,84.98305654525757,840,85.55513834953308,840,86.22739481925964,840,86.93201398849487,840,87.48708510398865,840,88.65408539772034,840,89.32547354698181,840,89.8777904510498,840,90.52361822128296,840,91.22595763206482,840,91.77722358703613,839,92.58576893806458,839,93.20832824707031,839,93.71221232414246,839,94.52295088768005,839,95.18732142448425,838,96.39324378967285,838,96.9172899723053,838,98.09470129013062,838,98.92093777656555,838,99.66684436798096,838,100.22901940345764,838,100.91166639328003,838,101.45937323570251,838,102.03542065620422,838,102.69610500335693,838,103.24544310569763,838,103.91740822792053,838,104.42290687561035,838,105.85069561004639,837,106.89629769325256,837,107.67360496520996,837,108.28680562973022,837,109.01448130607605,837,109.71914076805115,837,110.30723643302917,837,111.39802360534668,837,111.91568541526794,837,113.49329710006714,836,114.02729105949402,836,114.58190083503723,836,115.07702565193176,836,115.58656167984009,836,116.81323790550232,836,117.35172367095947,836,117.85741758346558,836,118.37859654426575,836,118.9730429649353,836,119.60149121284485,836,120.11392307281494,836,120.68499374389648,836,121.20069241523743,836,122.67497563362122,836,123.27493119239807,836,124.66775941848755,836,125.25899934768677,836,125.77609181404114,836,126.37078499794006,836,126.86790990829468,836,127.70651531219482,836,128.21798014640808,836,128.73685336112976,836,130.03374862670898,836,130.64778780937195,836,131.2787263393402,836,132.7338695526123,836,133.36457419395447,836,133.9719889163971,836,135.7291293144226,836,136.34298515319824,836,137.09621787071228,836,137.6459686756134,836,138.4110221862793,836,138.95872926712036,836,139.5111768245697,836,140.11934280395508,836,140.8118598461151,836,141.31991457939148,836,141.8495388031006,836,142.47111892700195,836,143.01162028312683,836,143.59211087226868,836,144.27364468574524,836,144.82016015052795,836,145.41934657096863,836,146.27472472190857,836,147.08132004737854,836,147.8122682571411,836,148.34211587905884,836,148.87855410575867,836,149.50133228302002,836,150.01086020469666,836,150.77983474731445,836,151.28943014144897,836,151.86339735984802,836,152.41909337043762,836,153.1737241744995,836,153.95815420150757,836,154.64396786689758,836,155.33839797973633,836,156.08484649658203,836,156.66605138778687,836,157.20125699043274,836,157.73230910301208,836,158.22307324409485,836,158.95031833648682,836,159.46308255195618,836,160.14174222946167,836,160.65765762329102,836,161.21675968170166,836,161.94518899917603,836,162.46444272994995,836,163.67936396598816,836,164.1990945339203,836,165.15238499641418,836,165.6744842529297,836,166.32739758491516,836,168.57290029525757,836,169.34068202972412,836,169.8919060230255,836,170.59539890289307,836,171.07837629318237,836,171.61347842216492,836,172.22359657287598,836,172.81684112548828,836,173.34386444091797,836,175.9002652168274,836,176.3916575908661,836,176.8741638660431,836,177.364666223526,836,178.6960253715515,836,179.99280714988708,836,180.72973704338074,836,181.26566767692566,836,181.75427508354187,836,183.13752961158752,836,184.5604636669159,836,185.35168027877808,836,185.9569013118744,836,186.50313639640808,836,187.71998381614685,836,188.3197021484375,836,188.84440875053406,836,189.41241216659546,836,190.88734555244446,836,191.3970241546631,836,192.14991116523743,836,192.8405954837799,836,194.04539132118225,836,194.51641869544983,836,195.03309965133667,836,196.56520819664001,836,197.1370885372162,836,197.85083484649658,836,198.3853669166565,836,198.90434980392456,836,199.59470653533936,836,201.28504610061646,836,202.74945855140686,836,203.28479957580566,836,203.82185983657837,836,204.34983110427856,836,204.90359449386597,836,205.98172187805176,836,206.6575129032135,836,207.29899287223816,836,207.85907077789307,836,208.3961923122406,836,209.00089240074158,836,209.47307896614075,836,209.95622634887695,836,210.53609919548035,836,211.1055610179901,836,211.61677622795105,836,212.10423874855042,836,212.80689668655396,836,213.54169726371765,836,214.0690143108368,836,214.77552700042725,836,215.29160284996033,836,215.9091818332672,836,217.30301475524902,836,217.82901883125305,836,218.38319039344788,836,219.1096363067627,836,219.65300130844116,836,220.22865891456604,836,220.99159502983093,836,222.12390065193176,836,223.68511629104614,836,224.18509316444397,836,224.90149927139282,836,225.46787977218628,836,226.97223711013794,836,227.55130910873413,836,228.90951228141785,836,229.49441838264465,836,229.96305203437805,836,230.7245488166809,836,231.35125851631165,836,232.18638229370117,836,232.74782013893127,836,233.298193693161,836,235.00150990486145,836,235.67339992523193,836,236.25720977783203,836,236.76046633720398,836,237.30550956726074,836,237.8635127544403,836,238.4755082130432,836,238.97615504264832,836,239.5496380329132,836,240.2742199897766,836,240.78847575187683,836,241.37938833236694,836,241.92924904823303,836,242.63662838935852,836,243.27812457084656,836,243.76300382614136,836,244.27191138267517,836,244.8182442188263,836,245.3455798625946,836,245.86376976966858,836,246.46800875663757,836,247.00503492355347,836,247.47687411308289,836,247.99372100830078,836,248.60344243049622,836,250.31175208091736,836,251.0510115623474,836,251.582505941391,836,252.10497164726257,836,252.9213583469391,836,253.52242255210876,836,254.08312249183655,836,254.6325330734253,836,255.172611951828,836,256.4271066188812,836,257.1389021873474,836,257.73029804229736,836,258.27464485168457,836,258.83619809150696,836,259.5213055610657,836,260.2984051704407,836,260.9683394432068,836,261.644983291626,836,262.23687720298767,836,262.7792959213257,836,263.37176871299744,836,263.9819185733795,836,264.4833393096924,836,264.9994776248932,836,265.5384840965271,836,266.1162660121918,836,266.74592185020447,836,267.27745270729065,836,267.82894563674927,836,269.0212359428406,836,270.93005776405334,836,271.46767020225525,836,271.9912588596344,836,272.559282541275,836,273.76660442352295,836,274.2948133945465,836,275.0025577545166,836,275.5589597225189,836,276.09867811203003,836,276.62536907196045,836,277.41713762283325,836,277.94836020469666,836,278.53080701828003,836,279.12480306625366,836,279.6464729309082,836,280.21912837028503,836,280.7201044559479,835,281.4449563026428,835,282.3614180088043,834,283.16416597366333,834,283.664751291275,834,284.18058013916016,834,284.73313212394714,834,285.2558898925781,834,285.7708480358124,834,286.2819674015045,834,287.83272671699524,834,288.3694603443146,834,289.048691034317,834,289.590678691864,834,290.2226560115814,834,290.77649450302124,834,291.2835023403168,834,292.48967480659485,834,293.80937147140503,833,294.83221316337585,833,296.1647729873657,833,296.82896995544434,833,297.3265745639801,833,297.84604811668396,833,298.46237230300903,833,299.17386841773987,833,299.6923666000366,833,300.13201880455017
1,random graphs/triangle/r1.5k24n16/graph1.lgbin,6611,251.2895529270172,743,1622,0,1299,0.8962745666503906,1189,2.613034963607788,1093,3.9482059478759766,1028,4.735486268997192,949,6.036132574081421,899,8.186532497406006,879,9.079132080078125,868,9.866233587265015,855,11.116527318954468,840,12.012588024139404,825,14.02152943611145,819,14.665413856506348,796,16.209662914276123,790,17.124308824539185,789,18.00020980834961,786,18.531164407730103,784,19.290395498275757,784,19.93992018699646,782,20.605493307113647,775,21.419777154922485,775,22.57186198234558,774,23.45907473564148,771,24.520740509033203,766,25.834105730056763,761,26.636045455932617,761,27.143123149871826,761,28.24561882019043,759,29.98537516593933,759,30.621586799621582,758,31.525145530700684,756,32.46156692504883,753,33.52855324745178,752,34.579675912857056,750,35.465107917785645,750,36.0175678730011,750,36.55985689163208,750,37.210339307785034,750,37.945629358291626,750,38.45718026161194,750,39.135838985443115,750,39.68783235549927,750,40.27202558517456,750,40.89406108856201,750,42.87886953353882,750,43.98922562599182,750,45.8326678276062,750,46.810036182403564,750,47.26193690299988,750,47.94073677062988,750,48.401710510253906,750,48.859065771102905,750,49.36213445663452,750,50.15561079978943,750,50.8439199924469,750,51.31581091880798,750,51.823894023895264,748,53.08145022392273,745,53.612438440322876,745,54.67707133293152,745,55.46145176887512,745,56.79545617103577,745,57.25725030899048,745,57.80325722694397,745,58.463823080062866,745,58.938615560531616,745,59.52912712097168,745,60.02649974822998,745,60.59787702560425,744,61.44635462760925,744,63.01001191139221,744,63.68863892555237,743,65.14424395561218,743,65.60285353660583,743,66.2750346660614,743,66.7552695274353,743,67.21235227584839,743,67.72806763648987,743,68.40029835700989,743,68.88180756568909,743,69.38475155830383,743,69.87258577346802,743,70.52747559547424,743,71.9500424861908,743,72.52339482307434,743,73.19693994522095,743,73.78334212303162,743,75.02240061759949,743,75.59886384010315,743,76.34505534172058,743,77.04409980773926,743,77.69328999519348,743,79.3786301612854,743,79.86546158790588,743,80.34726810455322,743,80.94815230369568,743,81.44412088394165,743,82.05912661552429,743,82.67379117012024,743,83.13291692733765,743,83.72567057609558,743,84.44811964035034,743,85.10389065742493,743,85.75862145423889,743,86.22459983825684,743,86.79570960998535,743,87.24051189422607,743,87.85720586776733,743,88.39043426513672,743,88.99939513206482,743,89.44994497299194,743,90.01908016204834,743,91.0653088092804,743,91.67484784126282,743,92.26538944244385,743,92.88614177703857,743,93.40048670768738,743,94.06775617599487,743,94.55756402015686,743,95.20641827583313,743,95.88649296760559,743,96.65954852104187,743,97.62331438064575,743,98.18274760246277,743,98.85152816772461,743,99.48423361778259,743,100.07274127006531,743,100.66029334068298,743,101.37243342399597,743,101.89861464500427,743,102.47479796409607,743,103.27998304367065,743,103.95991683006287,743,106.00542902946472,743,106.56700563430786,743,107.17243719100952,743,107.68491458892822,743,108.28679537773132,743,108.84782767295837,743,109.46132445335388,743,110.21426677703857,743,111.59335589408875,743,112.15835380554199,743,112.73809552192688,743,113.3541009426117,743,113.86428618431091,743,114.46114921569824,743,115.14224195480347,743,115.80730772018433,743,116.48224115371704,743,117.17619943618774,743,117.70690870285034,743,119.743159532547,743,120.71746897697449,743,121.44061064720154,743,122.1000862121582,743,123.12631058692932,743,123.80115222930908,743,124.36455035209656,743,125.09705328941345,743,125.88671803474426,743,126.45308232307434,743,127.07872271537781,743,127.60021209716797,743,128.1520164012909,743,128.70226430892944,743,129.27659225463867,743,129.7490553855896,743,130.2487668991089,743,130.90848207473755,743,131.48327589035034,743,131.9869999885559,743,132.63882517814636,743,133.19662833213806,743,133.81499409675598,743,134.48954916000366,743,135.04301023483276,743,141.19395661354065,743,141.6476652622223,743,142.16132354736328,743,142.70681619644165,743,143.82269167900085,743,144.44860196113586,743,144.95379829406738,743,145.6450355052948,743,146.25535559654236,743,147.70072603225708,743,148.45816206932068,743,149.02822947502136,743,149.66242790222168,743,150.16912937164307,743,150.76990747451782,743,151.3507640361786,743,152.41317772865295,743,153.07162880897522,743,154.60573554039001,743,155.28846907615662,743,155.76262879371643,743,156.30541276931763,743,156.8063747882843,743,157.33386945724487,743,157.80729031562805,743,159.08467292785645,743,160.01068139076233,743,161.59706926345825,743,162.1080183982849,743,162.74213790893555,743,163.21821212768555,743,163.68625259399414,743,164.3816020488739,743,165.36611127853394,743,166.12621641159058,743,166.6287136077881,743,167.1932098865509,743,168.5168764591217,743,169.17261004447937,743,169.79369354248047,743,170.28164267539978,743,170.81753253936768,743,171.50612473487854,743,172.08495497703552,743,172.76871967315674,743,173.4017369747162,743,174.52605772018433,743,176.0160675048828,743,176.59261202812195,743,177.21602320671082,743,177.74030327796936,743,178.33042812347412,743,178.81584525108337,743,179.41871285438538,743,180.01794815063477,743,180.62322974205017,743,181.1218855381012,743,181.62606191635132,743,182.2294623851776,743,182.83700799942017,743,183.3195161819458,743,183.88747572898865,743,184.35811281204224,743,185.03864741325378,743,185.54290986061096,743,186.15552592277527,743,187.68342757225037,743,189.68188333511353,743,191.46812391281128,743,192.71887063980103,743,193.42447781562805,743,194.02891778945923,743,194.65174436569214,743,195.3750123977661,743,195.99936079978943,743,196.5536925792694,743,197.05717182159424,743,198.19056129455566,743,198.71629762649536,743,199.19457864761353,743,199.87099027633667,743,201.4827914237976,743,202.12214064598083,743,205.0058467388153,743,205.514413356781,743,206.00096035003662,743,206.62654376029968,743,207.07862257957458,743,207.53383469581604,743,208.01763010025024,743,210.76656579971313,743,211.2798011302948,743,211.80112719535828,743,212.3294711112976,743,212.7867043018341,743,213.4351167678833,743,214.02780938148499,743,214.53964376449585,743,215.10768270492554,743,215.61616444587708,743,216.15592002868652,743,216.76270961761475,743,217.3791913986206,743,218.49759078025818,743,219.01864576339722,743,219.53715920448303,743,220.15541863441467,743,220.7728168964386,743,221.21513080596924,743,221.8117232322693,743,222.37975120544434,743,222.95520091056824,743,224.06129574775696,743,224.68451714515686,743,225.23216938972473,743,225.7462260723114,743,226.3468475341797,743,228.09203433990479,743,228.5974042415619,743,229.1939549446106,743,229.71057724952698,743,230.18254256248474,743,230.80829668045044,743,231.44902992248535,743,232.25324606895447,743,232.87227416038513,743,234.42302775382996,743,234.93014001846313,743,235.64327001571655,743,236.17772912979126,743,236.82568407058716,743,237.37153434753418,743,238.97868847846985,743,239.69857358932495,743,240.2914309501648,743,241.00482988357544,743,241.58264470100403,743,242.26243042945862,743,242.79221200942993,743,244.1566596031189,743,244.62141633033752,743,245.08159112930298,743,246.7160611152649,743,247.3088276386261,743,247.93704771995544,743,248.50170302391052,743,248.96429419517517,743,249.56435775756836,743,250.1447410583496,743,250.64298748970032,743,251.31884384155273,743,252.4251229763031,743,253.08323550224304,743,253.73712921142578,743,254.27561712265015,743,254.7916784286499,743,255.3974506855011,743,256.1268723011017,743,257.2271740436554,743,257.7322428226471,743,260.19537234306335,743,260.7474133968353,743,261.48290276527405,743,262.3978810310364,743,263.0133628845215,743,263.6364107131958,743,264.16291785240173,743,264.78521037101746,743,265.5771527290344,743,266.01771116256714,743,266.6321301460266,743,267.2438633441925,743,267.7927680015564,743,269.4234411716461,743,269.8980464935303,743,270.352413892746,743,270.88126397132874,743,271.3710460662842,743,272.07866525650024,743,272.62329053878784,743,273.2423686981201,743,273.8845100402832,743,274.59450936317444,743,275.1889760494232,743,275.6767199039459,743,276.13822507858276,743,276.58007526397705,743,277.2059519290924,743,277.6625111103058,743,278.33102083206177,743,279.42475605010986,743,281.4161319732666,743,281.9167728424072,743,282.4148323535919,743,284.0813286304474,743,284.75725841522217,743,285.4634895324707,743,286.0985894203186,743,286.68050718307495,743,287.1645736694336,743,287.86411213874817,743,288.4955794811249,743,288.94331431388855,743,289.5409200191498,743,290.06476497650146,743,290.53018617630005,743,290.98330760002136,743,291.60122537612915,743,292.6706187725067,743,293.5130224227905,743,294.49714612960815,743,295.2121090888977,743,295.682076215744,743,296.71794867515564,743,297.3036415576935,743,297.8753864765167,743,298.3628966808319,743,298.97361040115356,743,299.458726644516,743,300.1387782096863
2,random graphs/triangle/r1.5k24n16/graph2.lgbin,6611,255.52890920639038,770,1672,0,1351,35.320942401885986,1153,36.668649196624756,1050,38.29015874862671,984,39.47931432723999,953,40.63454246520996,935,41.40435290336609,926,42.03198289871216,918,42.61456823348999,903,43.96403408050537,902,44.51790142059326,898,45.22244691848755,881,46.042423725128174,880,46.71582913398743,876,48.45577692985535,874,49.67737913131714,868,50.4022319316864,858,51.75418424606323,852,52.3942015171051,849,53.093724727630615,845,53.72781276702881,823,54.86742806434631,822,56.21659231185913,821,57.33533573150635,820,58.087929010391235,820,58.64215588569641,820,59.2314248085022,820,59.90191578865051,820,60.41118407249451,819,62.028908014297485,818,62.66254162788391,816,64.13121461868286,816,64.81777739524841,812,65.58384323120117,811,66.39693069458008,810,66.94789242744446,808,67.65774250030518,808,68.2966947555542,808,69.03706383705139,807,70.2430579662323,807,70.94719505310059,807,71.50505375862122,806,72.22309374809265,806,72.91922736167908,805,73.84188461303711,805,74.53672671318054,804,75.04479312896729,797,75.63668251037598,797,76.1912693977356,797,77.2735424041748,797,78.01847910881042,797,78.5645637512207,797,79.13442516326904,797,79.75775408744812,797,80.50237584114075,797,81.10498023033142,797,81.64838910102844,797,82.2656762599945,797,82.96742296218872,797,83.41842603683472,797,84.05923056602478,797,84.59667921066284,797,85.2957866191864,797,85.86067199707031,797,87.58966636657715,797,88.24636507034302,797,89.03989839553833,796,89.76701283454895,796,90.31639504432678,796,90.85697627067566,796,92.00479912757874,796,92.73157906532288,796,93.4265570640564,796,93.940753698349,795,95.28381276130676,795,96.01745963096619,795,96.65482211112976,795,97.23652577400208,795,97.9418773651123,795,98.48430967330933,795,99.26846599578857,795,99.99351501464844,795,100.53754186630249,795,101.33033394813538,795,101.9238669872284,795,103.29492163658142,795,104.00222826004028,795,105.0543303489685,795,105.5875153541565,795,106.14213013648987,795,106.69222617149353,795,107.19995617866516,795,107.92866706848145,795,108.48544120788574,795,109.03692817687988,795,110.25353360176086,794,110.8978226184845,794,111.45147848129272,794,112.1267523765564,794,112.82331156730652,794,113.4607503414154,794,114.12613987922668,794,114.61780953407288,794,115.17536234855652,794,115.77229070663452,794,116.31583976745605,794,116.97730088233948,794,119.18349003791809,794,119.9528431892395,794,120.52484083175659,794,121.05804896354675,794,121.79014539718628,794,123.03722310066223,794,123.60586905479431,794,125.10045433044434,794,125.60862517356873,794,126.14439511299133,794,126.76011276245117,794,128.12734460830688,794,129.86399269104004,794,130.98395586013794,794,131.56592774391174,794,132.10290241241455,794,132.70635771751404,794,133.3683738708496,794,133.9024851322174,793,134.4855980873108,793,135.04395413398743,792,136.15969681739807,792,136.6987977027893,792,137.2891330718994,792,137.79319763183594,792,138.3392961025238,792,138.8627667427063,792,139.43070459365845,792,140.0760841369629,792,140.7213327884674,792,141.37899923324585,792,141.92599821090698,792,142.5601487159729,792,143.2277147769928,792,143.80511713027954,792,144.58964610099792,792,145.12630534172058,792,145.9258749485016,792,146.60302090644836,792,147.05793642997742,792,147.7938449382782,792,148.3106849193573,792,148.89043402671814,791,149.67419958114624,791,150.17904210090637,791,150.72628688812256,791,151.33024859428406,791,152.0287618637085,790,153.5966236591339,789,154.066992521286,789,155.23715710639954,789,155.8787260055542,789,156.49078369140625,789,157.00504899024963,789,157.80277299880981,789,158.3125283718109,789,158.81609320640564,787,159.92891597747803,787,160.7460343837738,787,161.34827709197998,787,161.9214632511139,787,162.47528958320618,785,163.08781933784485,785,163.6078748703003,785,164.16367387771606,783,164.63253474235535,783,165.780020236969,783,166.2937970161438,783,166.79725241661072,783,167.4044327735901,783,167.99996042251587,783,168.48452305793762,783,169.00331735610962,783,170.0114815235138,783,170.54083943367004,783,171.36669182777405,783,172.10241508483887,783,172.72124314308167,783,173.284729719162,783,173.97144150733948,783,174.64134669303894,783,175.64160919189453,783,176.54608535766602,783,177.13588547706604,783,177.63887238502502,783,178.14196944236755,783,178.66876745224,783,179.2307960987091,783,179.8708038330078,783,180.50310254096985,783,182.35967564582825,783,182.90947031974792,783,183.55763053894043,783,184.11057925224304,783,184.60120677947998,783,185.16285514831543,783,185.70974326133728,783,186.21759176254272,782,188.0225009918213,782,188.5218300819397,782,189.1882529258728,782,189.67566800117493,781,190.3679006099701,781,190.9127311706543,781,191.48695302009583,781,191.96801471710205,780,192.56191515922546,780,193.23193645477295,780,193.89080142974854,780,194.62633538246155,780,195.74710083007812,780,196.37707209587097,780,196.95078563690186,780,197.660471200943,780,198.68388080596924,780,199.2326202392578,780,199.8138246536255,780,200.40099239349365,780,200.94476127624512,780,202.74049735069275,780,203.3360242843628,780,204.2609748840332,780,204.84244394302368,780,205.39991760253906,780,206.01907634735107,780,206.50948691368103,780,207.06642174720764,780,207.56390190124512,780,208.07451581954956,780,209.29781341552734,780,209.79537439346313,780,210.68667459487915,780,211.17017889022827,780,212.23125457763672,780,212.9325828552246,780,213.43532919883728,778,214.13106989860535,777,214.9360990524292,775,215.8270778656006,775,216.36593890190125,774,217.47629761695862,774,217.9841992855072,774,218.82403779029846,774,219.38164639472961,774,219.9493465423584,774,220.71717071533203,774,221.21720695495605,774,221.85466480255127,774,222.41565656661987,774,223.0098216533661,774,223.49576807022095,773,224.66359043121338,773,225.24862480163574,773,225.90196323394775,773,226.40888333320618,773,226.94487977027893,773,227.61141920089722,773,229.27725768089294,773,229.86916708946228,773,230.3788411617279,773,230.96052646636963,773,231.55439853668213,773,232.0359070301056,773,232.7044906616211,773,233.24563813209534,773,233.82338881492615,773,234.31909775733948,773,234.80939292907715,773,235.35226249694824,773,236.02549147605896,773,236.5478639602661,773,237.11148190498352,773,237.76764607429504,773,238.23802757263184,773,239.0255744457245,773,239.50718665122986,773,240.21875715255737,773,240.75202655792236,773,242.00281310081482,773,242.63085889816284,773,243.29024577140808,773,243.92189836502075,773,244.58353662490845,773,245.1906599998474,773,245.76298189163208,773,246.33860278129578,773,246.89337539672852,773,247.54965734481812,773,248.895188331604,773,249.39576721191406,773,249.92198848724365,773,251.14675879478455,773,251.81921100616455,773,252.3926649093628,773,253.2364890575409,773,253.71929502487183,773,254.32594418525696,773,254.86026549339294,773,255.44674110412598,773,256.47829246520996,773,257.15784454345703,773,257.74318170547485,773,258.9443826675415,773,260.98751950263977,772,261.6196873188019,772,262.74547052383423,772,263.4117820262909,772,263.9515998363495,772,264.42478013038635,772,265.06800961494446,772,265.7505679130554,772,266.28112149238586,772,266.75956201553345,772,267.2749545574188,772,267.822874546051,772,268.4087836742401,772,269.07459902763367,772,269.6320266723633,772,270.17235589027405,772,270.73629355430603,772,271.29469656944275,772,272.22639989852905,772,272.8191933631897,772,273.7361328601837,772,274.3167972564697,772,275.4749684333801,772,275.9371795654297,772,276.6333420276642,772,277.1307029724121,772,277.9089913368225,772,278.45416283607483,772,279.48782300949097,772,280.0144033432007,772,280.64846873283386,772,281.45123410224915,772,282.2361159324646,772,282.8797347545624,772,283.5285851955414,772,284.0532777309418,772,285.12838554382324,771,285.96585392951965,771,287.6892635822296,771,288.7726585865021,771,289.45822072029114,771,290.46194863319397,771,291.0206401348114,771,291.53831696510315,770,292.6492757797241,770,293.41102719306946,770,294.6667218208313,770,295.1182520389557,770,295.8656051158905,770,296.3671190738678,770,296.87208461761475,770,297.3663663864136,770,297.93163442611694,770,298.40501594543457,770,298.91299748420715,770,300.1606607437134
3,random graphs/triangle/r1.5k24n16/graph3.lgbin,6611,234.11720371246338,749,1682,0,1300,1.5950419902801514,1097,3.3546228408813477,979,4.2081215381622314,896,4.951304912567139,857,6.506641626358032,834,7.2191150188446045,814,8.724289178848267,806,9.563080072402954,803,10.282928228378296,801,11.311887741088867,800,11.87293267250061,780,12.600255727767944,778,13.297903299331665,772,14.01975417137146,772,14.526240348815918,772,15.011003017425537,769,15.610277652740479,769,16.08622145652771,769,17.14843440055847,769,17.667556524276733,769,18.161184310913086,767,18.752617359161377,767,19.218538284301758,767,19.726638555526733,767,20.195332765579224,767,20.69338846206665,764,21.289027214050293,764,21.808682203292847,764,22.562076330184937,764,23.038191318511963,764,23.59683060646057,764,24.175843238830566,764,24.9430730342865,764,25.43275213241577,764,25.953897953033447,764,26.45618748664856,763,27.260464191436768,761,27.843138456344604,760,28.404777765274048,760,28.923836946487427,759,29.534637451171875,759,30.01951289176941,759,30.623445987701416,757,31.102628707885742,755,31.675859689712524,755,32.18664312362671,755,32.68910551071167,755,33.2257194519043,755,33.7276771068573,755,34.214640617370605,755,34.72522497177124,755,35.25774526596069,755,35.806010484695435,755,36.35605502128601,755,36.8570830821991,755,37.291199922561646,755,37.90372061729431,755,38.356289863586426,755,38.879756927490234,755,39.758278369903564,755,40.28706240653992,755,40.772294759750366,755,41.259557247161865,755,42.491642475128174,755,43.01607823371887,755,43.52934956550598,755,44.046470403671265,755,44.544676542282104,755,45.097726345062256,755,45.84665894508362,755,46.330146074295044,755,46.88026165962219,755,47.521207332611084,755,48.02243995666504,755,48.48711156845093,755,48.96263122558594,755,49.41670370101929,755,49.90848183631897,755,50.35986948013306,755,50.853800773620605,755,51.28179693222046,755,51.75951910018921,755,52.26320242881775,755,52.777695655822754,755,53.33119058609009,754,54.006792068481445,754,54.502947092056274,753,55.20993900299072,753,55.68714237213135,753,56.175050497055054,753,56.64731311798096,753,57.15479826927185,753,58.51864433288574,753,59.23675560951233,753,59.72156548500061,753,60.22880840301514,753,60.70425271987915,753,61.18776893615723,753,61.70433187484741,753,62.243497371673584,753,62.88706135749817,753,63.54723024368286,753,64.05613350868225,753,64.67769145965576,753,65.20213413238525,753,65.66794204711914,753,66.14751315116882,753,66.6415147781372,753,67.13174605369568,753,67.64392280578613,753,68.18451476097107,753,69.55239677429199,753,70.02762627601624,753,70.52198624610901,753,70.97078824043274,753,71.49729824066162,753,71.94972515106201,753,72.46559262275696,753,72.94847059249878,753,73.44197225570679,753,73.91237139701843,753,74.59536790847778,753,75.086510181427,753,75.60127258300781,753,76.20847034454346,753,76.93948745727539,753,77.4781665802002,753,77.98708200454712,753,78.44648098945618,753,78.97136282920837,752,79.55664157867432,752,80.05686855316162,752,80.56140995025635,752,81.01738834381104,752,81.51959466934204,752,82.01708626747131,752,82.52603387832642,752,83.03509879112244,752,83.47967791557312,752,83.9593825340271,752,84.41564726829529,752,84.87090682983398,752,85.3800299167633,751,85.94154906272888,751,86.63421201705933,751,87.1221399307251,750,87.72550535202026,750,88.23177933692932,749,88.77398037910461,749,89.25385618209839,749,89.75370192527771,749,90.21923470497131,749,90.74760150909424,749,91.23495316505432,749,91.74723982810974,749,92.23732376098633,749,92.74821376800537,749,93.25066494941711,749,93.710853099823,749,94.19636368751526,749,94.66461253166199,749,95.14411163330078,749,95.67196273803711,749,96.37965726852417,749,96.90580987930298,749,97.39786028862,749,97.89389705657959,749,98.35268092155457,749,98.86967206001282,749,99.36891031265259,749,99.91673564910889,749,100.46584272384644,749,100.95282125473022,749,101.41430711746216,749,101.90045070648193,749,102.3651990890503,749,102.83292007446289,749,103.34636187553406,749,103.78550744056702,749,104.26173830032349,749,104.77054286003113,749,105.22042202949524,749,105.70029783248901,749,106.16537976264954,749,106.62297940254211,749,107.09491634368896,749,107.634840965271,749,108.12022042274475,749,108.7749285697937,749,109.24943661689758,749,109.7265522480011,749,110.21823978424072,749,110.73167037963867,749,111.18038058280945,749,111.79324436187744,749,112.2859935760498,749,112.76152062416077,749,113.25471210479736,749,113.85488629341125,749,114.34353470802307,749,114.79712152481079,749,115.29062271118164,749,115.7485601902008,749,116.21355199813843,749,116.72014117240906,749,117.20318913459778,749,118.00087356567383,749,118.46224617958069,749,118.95500707626343,749,119.5687780380249,749,120.11467576026917,749,120.62102794647217,749,121.08654808998108,749,121.62060546875,749,122.14990448951721,749,122.69456624984741,749,123.31134247779846,749,124.11553525924683,749,124.6001365184784,749,125.07720422744751,749,125.84602379798889,749,126.30824422836304,749,127.08181309700012,749,127.52870297431946,749,128.00487971305847,749,128.4246735572815,749,128.90344858169556,749,129.42774105072021,749,129.91056537628174,749,130.41027212142944,749,130.86565804481506,749,131.35267114639282,749,131.88663601875305,749,132.3602168560028,749,132.86495661735535,749,133.91111993789673,749,134.4292106628418,749,134.9141867160797,749,135.62812566757202,749,136.13211345672607,749,136.59494924545288,749,137.07474279403687,749,137.5724823474884,749,138.07712125778198,749,138.65429401397705,749,139.10620594024658,749,139.58088040351868,749,140.04937934875488,749,140.5200493335724,749,141.09526133537292,749,141.54771304130554,749,142.02954292297363,749,142.88640069961548,749,144.0478549003601,749,144.7489755153656,749,145.26608514785767,749,145.73456716537476,749,146.28883838653564,749,146.7698655128479,749,147.24899315834045,749,147.73578810691833,749,148.30016446113586,749,148.8124988079071,749,149.31048345565796,749,149.83422827720642,749,150.8650279045105,749,151.34749841690063,749,151.82350158691406,749,152.27160096168518,749,152.7762258052826,749,153.27787470817566,749,153.72464227676392,749,154.2360134124756,749,154.6836700439453,749,155.14028143882751,749,155.65443897247314,749,157.29337000846863,749,157.79140758514404,749,158.28963446617126,749,158.7641212940216,749,159.30851531028748,749,159.81515765190125,749,160.31709790229797,749,161.1468517780304,749,161.6614842414856,749,162.18043494224548,749,162.6370062828064,749,163.07969045639038,749,163.52110147476196,749,163.9539635181427,749,164.39583253860474,749,164.8622236251831,749,165.34907293319702,749,165.81412935256958,749,166.33177065849304,749,166.80107927322388,749,167.28639936447144,749,167.9632511138916,749,168.7516839504242,749,169.21739077568054,749,169.66265201568604,749,170.17283415794373,749,170.62728095054626,749,171.10438060760498,749,171.60108733177185,749,172.14667415618896,749,172.61050987243652,749,173.07167053222656,749,173.55616283416748,749,174.07430124282837,749,174.60364437103271,749,175.06136393547058,749,175.54510116577148,749,176.85946369171143,749,177.2998502254486,749,177.75353956222534,749,178.21281504631042,749,178.71539568901062,749,179.3726258277893,749,179.80830073356628,749,180.28521585464478,749,180.75626277923584,749,181.22563457489014,749,181.71071434020996,749,182.20808029174805,749,182.6682484149933,749,183.3362820148468,749,183.9083526134491,749,184.8651385307312,749,185.45625591278076,749,185.93241214752197,749,186.42985558509827,749,186.9045431613922,749,187.40507245063782,749,187.92923307418823,749,188.51030158996582,749,189.0362651348114,749,189.56465888023376,749,190.0276608467102,749,190.49269151687622,749,190.9304645061493,749,191.459655046463,749,192.0003387928009,749,192.48046016693115,749,192.94702291488647,749,193.4594099521637,749,193.92382431030273,749,194.46661639213562,749,195.00095963478088,749,195.51763820648193,749,196.00266885757446,749,196.48584818840027,749,197.006502866745,749,197.54303455352783,749,198.02148628234863,749,198.46771955490112,749,198.9878284931183,749,199.51961040496826,749,200.05603432655334,749,200.6035017967224,749,201.0439031124115,749,201.52029514312744,749,202.00631999969482,749,202.49915266036987,749,203.00255155563354,749,203.57602787017822,749,204.0352509021759,749,204.53774118423462,749,205.0680546760559,749,205.7573366165161,749,206.23927783966064,749,206.73861360549927,749,207.30166959762573,749,207.79832005500793,749,208.27560377120972,749,208.805428981781,749,209.2621409893036,749,209.75810599327087,749,210.27152514457703,749,210.84652638435364,749,211.35195899009705,749,211.84198307991028,749,212.34238505363464,749,212.8486351966858,749,213.3530523777008,749,213.82439827919006,749,214.3416712284088,749,214.89202284812927,749,215.40761160850525,749,215.9548578262329,749,216.41897535324097,749,216.9131896495819,749,217.38764786720276,749,217.8440544605255,749,218.34435033798218,749,218.823495388031,749,219.2959315776825,749,219.75318026542664,749,220.22198104858398,749,220.75367903709412,749,221.25530529022217,749,221.75266218185425,749,222.87096786499023,749,223.6293978691101,749,224.120920419693,749,224.57057762145996,749,225.01323056221008,749,225.52731728553772,749,225.98949527740479,749,226.45411491394043,749,226.97415113449097,749,227.44799041748047,749,227.93908715248108,749,228.37516379356384,749,228.86569833755493,749,229.3023247718811,749,229.79884243011475,749,230.286536693573,749,230.77845191955566,749,231.8267686367035,749,232.36790299415588,749,233.306227684021,749,234.01001906394958,749,234.46779704093933,749,234.98641514778137,749,235.5020432472229,749,235.9485423564911,749,236.39324355125427,749,237.1150369644165,749,237.5836067199707,749,238.6178286075592,749,239.03849697113037,749,239.5270037651062,749,239.9857051372528,749,240.43086695671082,749,240.95655393600464,749,241.47535634040833,749,241.90778160095215,749,242.39582586288452,749,242.85599565505981,749,243.36495184898376,749,243.81799745559692,749,244.27816772460938,749,244.78047490119934,749,245.2550311088562,749,245.7426245212555,749,246.15616631507874,749,246.60247373580933,749,247.15817880630493,749,247.62744235992432,749,248.08498859405518,749,248.52272701263428,749,249.0327112674713,749,249.51005625724792,749,250.00423669815063,749,250.50297665596008,749,250.9788200855255,749,251.45663571357727,749,251.91929006576538,749,252.36986684799194,749,252.8495330810547,749,253.35365557670593,749,253.81815886497498,749,254.2624216079712,749,254.74111366271973,749,255.19370412826538,749,255.65829801559448,749,256.111367225647,749,256.5972361564636,749,257.0804705619812,749,257.5644495487213,749,258.0419456958771,749,258.5522060394287,749,259.0148551464081,749,260.11405324935913,749,260.6503834724426,749,261.1175663471222,749,261.55150985717773,749,262.019978761673,749,262.46083426475525,749,262.8906536102295,749,263.5181133747101,749,263.97211503982544,749,264.4481222629547,749,264.8914489746094,749,265.3374879360199,749,265.78405356407166,749,266.2608971595764,749,266.81317496299744,749,267.3113374710083,749,267.825651884079,749,268.27337288856506,749,268.7692701816559,749,269.21926856040955,749,269.7603509426117,749,270.205406665802,749,270.6621239185333,749,271.134583234787,749,271.79965901374817,749,272.7985005378723,749,273.3055999279022,749,273.94009709358215,749,274.8454039096832,749,275.3191239833832,749,275.81203842163086,749,276.27741026878357,749,276.7299380302429,749,277.2176938056946,749,277.66640758514404,749,278.13574266433716,749,278.58208680152893,749,279.03682494163513,749,279.5109589099884,749,279.9881751537323,749,280.4862563610077,749,280.95248436927795,749,281.44997572898865,749,282.0401723384857,749,282.5017719268799,749,282.9684510231018,749,283.4312708377838,749,283.9705674648285,749,284.4916343688965,749,285.03410601615906,749,285.56754970550537,749,286.0368857383728,749,286.63235211372375,749,287.102011680603,749,287.5740854740143,749,288.03334307670593,749,288.55666518211365,749,289.0094163417816,749,289.45254373550415,749,289.88712978363037,749,290.4963059425354,749,290.9955585002899,749,291.4319565296173,749,291.8610842227936,749,292.3262712955475,749,292.7874755859375,749,293.27006578445435,749,293.7407898902893,749,294.18234729766846,749,294.9956707954407,749,295.4963889122009,749,295.9658100605011,749,297.15877318382263,749,297.8588593006134,749,298.38851404190063,749,298.8597846031189,749,299.3434729576111,749,300.1463370323181
4,random graphs/triangle/r1.5k24n16/graph4.lgbin,6611,258.54151916503906,847,1770,0,1363,3.0314724445343018,1180,4.381231784820557,1074,5.87252950668335,1002,7.004218578338623,976,8.14063835144043,955,9.270414113998413,927,10.02388620376587,908,11.180262088775635,901,11.779087781906128,895,12.40095043182373,882,13.309745073318481,880,14.38969373703003,876,15.029212713241577,872,16.3550021648407,871,17.612103939056396,871,18.27337646484375,870,19.06325602531433,868,20.260959148406982,868,21.26434588432312,865,22.16467809677124,856,22.790013313293457,856,23.865588426589966,856,24.340673685073853,856,25.658180952072144,856,26.100895881652832,856,26.591562032699585,856,27.81589150428772,856,29.279386520385742,856,30.580057382583618,856,31.24016284942627,856,31.944786071777344,856,32.63740253448486,856,33.09451389312744,856,33.56348991394043,856,34.63717436790466,856,35.65536546707153,856,36.321683406829834,856,36.94275522232056,856,37.87613654136658,856,38.49228048324585,856,39.057084798812866,856,40.28203511238098,856,40.78975057601929,856,41.9476158618927,856,43.06907796859741,855,44.617738008499146,855,45.189621686935425,854,45.96489667892456,854,46.642348289489746,854,47.18567204475403,853,48.31015872955322,853,48.974969148635864,853,49.65799641609192,853,50.73514533042908,852,51.44873023033142,852,52.1776909828186,852,53.23876357078552,852,54.362393379211426,852,55.01608991622925,852,56.33275318145752,852,57.389869928359985,850,58.792640209198,849,59.2790744304657,849,60.4861159324646,849,60.95447564125061,849,62.75321173667908,849,63.26083993911743,849,64.10484409332275,849,64.90004420280457,849,66.17599511146545,849,67.27957320213318,849,67.80643010139465,849,68.25759291648865,849,68.87845540046692,849,69.5726387500763,849,70.59728503227234,849,71.39997673034668,847,72.49103951454163,847,72.98260283470154,847,73.5583324432373,847,74.01440572738647,847,74.663015127182,847,75.79045557975769,847,76.94571661949158,847,77.53197407722473,847,78.55323719978333,847,79.65292191505432,847,82.9376585483551,847,83.48039555549622,847,83.93146824836731,847,84.44076204299927,847,85.57110619544983,847,86.67981195449829,847,87.78708052635193,847,88.30246591567993,847,88.80398941040039,847,89.80567049980164,847,90.28811049461365,847,91.66764879226685,847,92.95354080200195,847,93.5380711555481,847,93.99102663993835,847,95.06108260154724,847,96.12629389762878,847,97.33877682685852,847,98.14592409133911,847,98.82848763465881,847,99.84031295776367,847,100.36744666099548,847,100.8565526008606,847,101.3893563747406,847,101.84201526641846,847,102.29763436317444,847,102.84761548042297,847,103.4579017162323,847,104.78433632850647,847,105.37205576896667,847,106.65310978889465,847,107.59618091583252,847,108.11702275276184,847,108.7785120010376,847,110.0141532421112,847,110.789621591568,847,111.81566739082336,847,112.35384702682495,847,113.38840556144714,847,114.79944443702698,847,115.32077383995056,847,115.9516134262085,847,116.6535804271698,847,117.82222700119019,847,118.90010833740234,847,119.46073269844055,847,119.94753956794739,847,120.90859699249268,847,121.62919735908508,847,122.69068169593811,847,123.99108791351318,847,124.50352430343628,847,125.07548689842224,847,125.59667730331421,847,126.80010724067688,847,127.83826351165771,847,129.06704926490784,847,129.5408456325531,847,130.84308624267578,847,132.01059007644653,847,133.35146951675415,847,133.91892647743225,847,135.08298993110657,847,135.7634162902832,847,136.23985981941223,847,137.35564517974854,847,137.92870950698853,847,138.60152101516724,847,139.72784090042114,847,140.94340062141418,847,142.16691493988037,847,143.28066563606262,847,144.46838569641113,847,145.16894054412842,847,145.9087142944336,847,146.95269393920898,847,148.0446355342865,847,149.14593172073364,847,151.9294970035553,847,153.28755640983582,847,154.41300559043884,847,154.94654512405396,847,155.9090416431427,847,156.6464765071869,847,157.1395571231842,847,157.7683346271515,847,158.72035241127014,847,159.18869280815125,847,159.6786289215088,847,160.20605659484863,847,160.7124309539795,847,161.21679520606995,847,162.2678713798523,847,163.34956645965576,847,163.92107391357422,847,165.06630492210388,847,166.18140745162964,847,167.46225237846375,847,167.95911359786987,847,168.99657702445984,847,170.26674270629883,847,171.27992606163025,847,172.45254516601562,847,173.13585448265076,847,173.68540787696838,847,174.28397059440613,847,174.80739736557007,847,175.32787561416626,847,175.83983516693115,847,176.40167784690857,847,176.86753106117249,847,178.197820186615,847,178.77307105064392,847,179.29476928710938,847,179.81375789642334,847,180.38237690925598,847,181.18586587905884,847,181.68274235725403,847,182.84394812583923,847,185.60902428627014,847,186.11985063552856,847,187.12148022651672,847,188.19885969161987,847,189.17947006225586,847,190.19811582565308,847,190.80903387069702,847,191.29014706611633,847,192.4133005142212,847,192.9542646408081,847,193.471453666687,847,194.57861995697021,847,195.26834416389465,847,196.30892610549927,847,196.80738139152527,847,197.54935693740845,847,198.2825047969818,847,199.16483902931213,847,200.38287115097046,847,200.99268698692322,847,201.47606253623962,847,202.67568159103394,847,203.3893265724182,847,204.1285548210144,847,205.31980514526367,847,206.62498426437378,847,207.7351381778717,847,208.29239106178284,847,209.3917465209961,847,210.60830307006836,847,211.0922350883484,847,212.23920464515686,847,212.80145812034607,847,213.3432469367981,847,214.10418486595154,847,214.65585589408875,847,215.27945685386658,847,216.28541326522827,847,217.40123558044434,847,218.1997983455658,847,218.7483148574829,847,219.86586332321167,847,220.62115716934204,847,222.06506443023682,847,223.15039348602295,847,224.37807154655457,847,225.12041568756104,847,225.6214940547943,847,226.42706084251404,847,227.5751190185547,847,228.11974143981934,847,228.77155756950378,847,229.91796731948853,847,230.96176719665527,847,231.4662311077118,847,233.2746090888977,847,233.88209557533264,847,235.08826065063477,847,235.8205418586731,847,236.37925386428833,847,237.51798844337463,847,238.01151609420776,847,238.5963008403778,847,239.09781098365784,847,240.13242268562317,847,240.70476150512695,847,241.1762797832489,847,242.30690503120422,847,243.31689596176147,847,243.88195776939392,847,244.4120898246765,847,247.36909890174866,847,248.1013901233673,847,248.64966011047363,847,249.27145743370056,847,250.46934366226196,847,250.98355197906494,847,251.47215867042542,847,251.99669861793518,847,253.11101078987122,847,254.2096710205078,847,255.25897002220154,847,255.7623119354248,847,256.8458979129791,847,257.44039368629456,847,258.0197765827179,847,259.1098139286041,847,260.2420268058777,847,260.8424165248871,847,261.58756947517395,847,262.882346868515,847,263.54618310928345,847,264.63833689689636,847,265.9463667869568,847,267.2379424571991,847,267.72355914115906,847,269.30860805511475,847,270.103054523468,847,270.8417637348175,847,271.97184562683105,847,273.0788826942444,847,274.1716375350952,847,274.94575548171997,847,276.040931224823,847,276.9754590988159,847,278.0250709056854,847,278.60458397865295,847,279.41076469421387,847,280.0841431617737,847,280.6641209125519,847,281.85749411582947,847,283.05190896987915,847,283.569447517395,847,284.07128977775574,847,284.7597734928131,847,286.030086517334,847,286.87352418899536,847,287.3948278427124,847,288.61121225357056,847,289.1887836456299,847,289.9042751789093,847,290.964152097702,847,291.45637917518616,847,292.6345009803772,847,293.21467423439026,847,293.67136907577515,847,294.21720480918884,847,295.28196454048157,847,295.87702322006226,847,296.481906414032,847,297.01194763183594,847,298.2828109264374,847,298.8607738018036,847,299.3675549030304,847,300.17325019836426
0,random graphs/triangle/r1.5k24n16/graph0.lgbin,6585,253.59774684906006,774,1739,0,1374,5.570575952529907,1189,6.40186882019043,1097,7.235278367996216,1057,9.994463682174683,1028,11.689087867736816,980,12.503729820251465,963,14.66309928894043,952,16.03997254371643,942,16.92318034172058,920,18.209702730178833,907,19.657757997512817,904,20.99616837501526,889,22.753316640853882,878,24.620331287384033,871,25.874814987182617,869,26.520475149154663,867,27.689565658569336,864,29.07008957862854,859,29.88063931465149,855,31.29589080810547,847,33.588231325149536,844,34.843358278274536,843,35.9571259021759,843,36.93564987182617,843,37.5124716758728,841,38.125192403793335,840,39.37734866142273,837,39.99783253669739,823,40.9894323348999,821,42.852577209472656,818,43.91247510910034,817,45.739206075668335,817,46.58591604232788,817,47.11096119880676,816,48.39758372306824,816,49.01641130447388,816,49.63647961616516,816,50.36201810836792,816,51.680323123931885,816,52.92854046821594,816,53.791203022003174,816,54.557673931121826,816,55.13042736053467,816,55.637028217315674,816,56.186845779418945,816,56.981616735458374,816,57.605231285095215,816,58.34832549095154,816,58.95260667800903,816,59.46507668495178,816,60.063666105270386,816,60.666996240615845,816,61.249687910079956,816,61.70976710319519,816,62.476319789886475,816,63.199392795562744,816,63.95028519630432,816,65.26537537574768,816,65.79201674461365,816,66.49185681343079,816,67.70878863334656,816,68.18836855888367,816,69.38896608352661,816,71.24663949012756,816,71.7494649887085,816,72.40964198112488,816,73.11777257919312,811,74.39518809318542,808,75.07559275627136,808,75.86431837081909,808,77.10565567016602,808,77.63132834434509,808,78.53489804267883,808,79.2557544708252,807,79.8202805519104,807,80.47638893127441,807,81.25152659416199,807,81.80063700675964,807,82.36271834373474,807,82.81572937965393,807,83.5708065032959,804,85.03213953971863,804,86.4637622833252,803,87.94648170471191,803,88.43730592727661,803,89.06484413146973,803,90.1103835105896,803,90.76707577705383,802,91.64362072944641,802,92.29726552963257,802,93.4178307056427,799,94.81580376625061,799,95.89146256446838,798,96.6594226360321,796,98.05442357063293,796,98.5478286743164,795,99.68061590194702,793,100.57417845726013,793,101.30704975128174,793,101.80836200714111,792,102.73708248138428,791,103.33081698417664,791,104.42592430114746,791,104.96002292633057,791,105.7554395198822,791,106.25097870826721,789,107.24989986419678,786,108.65078043937683,785,109.2633810043335,783,110.29834222793579,782,111.42648339271545,782,112.47670817375183,782,113.16421389579773,782,113.70703053474426,781,114.29535579681396,779,115.37978649139404,779,116.06207370758057,779,116.75657415390015,779,117.30177855491638,779,117.80168533325195,779,118.46741819381714,777,119.14204692840576,776,120.0403401851654,774,121.08662223815918,774,121.640634059906,774,122.77068376541138,774,123.27082705497742,774,123.8262996673584,774,124.66755986213684,774,125.15500068664551,774,125.73585677146912,774,126.29424619674683,774,126.8242883682251,774,127.89967942237854,774,129.24048447608948,774,129.73402214050293,774,130.3222634792328,774,130.868882894516,774,131.3702142238617,774,131.87247490882874,774,132.3946177959442,774,132.94174432754517,774,133.40993809700012,774,134.54365062713623,774,135.0647943019867,774,135.57784008979797,774,136.82836771011353,774,137.43419432640076,774,138.00995254516602,774,138.52880716323853,774,139.2188069820404,774,139.84542202949524,774,140.37675094604492,774,140.94819235801697,774,144.80438017845154,774,145.38544631004333,774,145.8835883140564,774,146.38142490386963,774,146.9536430835724,774,147.46390199661255,774,148.47809171676636,774,149.20851707458496,774,149.7986707687378,774,150.27532768249512,774,150.81431484222412,774,151.4881250858307,774,151.97980427742004,774,153.12883734703064,774,153.67245769500732,774,154.24918127059937,774,155.01768279075623,774,156.39435577392578,774,157.08431935310364,774,157.590247631073,774,158.10998630523682,774,158.68326830863953,774,159.84225869178772,774,160.5224483013153,774,161.25000500679016,774,162.0316572189331,774,162.69609928131104,774,163.23862314224243,774,163.8211052417755,774,164.3113362789154,774,165.76455640792847,774,167.02603387832642,774,167.56931447982788,774,168.2733290195465,774,168.84055638313293,774,170.29818153381348,774,170.82688212394714,774,171.42967700958252,774,172.74655532836914,774,173.27413892745972,774,173.77009987831116,774,174.26563382148743,774,174.7683002948761,774,175.29357385635376,774,176.57491493225098,774,177.05477690696716,774,177.63628816604614,774,178.17480206489563,774,179.72593998908997,774,180.4189326763153,774,181.01148128509521,774,181.6672806739807,774,182.14674520492554,774,182.7928590774536,774,183.32190036773682,774,183.8470640182495,774,184.37114548683167,774,185.17580008506775,774,185.8097279071808,774,187.2280662059784,774,187.87541556358337,774,188.35943865776062,774,189.83992338180542,774,191.0823414325714,774,191.80846571922302,774,192.42327666282654,774,192.9673888683319,774,193.51080918312073,774,195.12356853485107,774,195.61164045333862,774,196.27869319915771,774,196.75083231925964,774,197.31528186798096,774,197.82016968727112,774,198.86909103393555,774,199.40091562271118,774,200.1148500442505,774,200.6327040195465,774,201.2041952610016,774,201.885511636734,774,202.41053128242493,774,202.96005392074585,774,203.72788381576538,774,204.8505094051361,774,205.36520171165466,774,205.96896362304688,774,206.56688618659973,774,207.1756317615509,774,207.90858435630798,774,209.9019603729248,774,210.51435732841492,774,211.93754625320435,774,212.67341804504395,774,213.22372579574585,774,213.75041961669922,774,214.23964929580688,774,214.81529307365417,774,215.53223490715027,774,216.05762791633606,774,216.71877694129944,774,217.43416166305542,774,217.92130327224731,774,218.66768169403076,774,219.38564610481262,774,219.94838738441467,774,220.50374555587769,774,221.17534399032593,774,221.69060587882996,774,222.17457628250122,774,222.7312388420105,774,223.1952006816864,774,223.74929356575012,774,224.22119903564453,774,225.39687776565552,774,225.91487550735474,774,226.37788438796997,774,226.87572646141052,774,227.36665773391724,774,227.9920551776886,774,228.45737314224243,774,228.96137952804565,774,229.46816611289978,774,229.97246408462524,774,230.5990653038025,774,232.00692749023438,774,232.67528176307678,774,233.1719536781311,774,233.80730628967285,774,234.2966239452362,774,234.9459252357483,774,236.13968873023987,774,236.73029899597168,774,237.4135353565216,774,238.09223246574402,774,239.60248374938965,774,240.3075134754181,774,240.8635139465332,774,241.50236296653748,774,242.07096219062805,774,242.7298994064331,774,243.25335836410522,774,243.78162240982056,774,245.5627875328064,774,246.54634976387024,774,247.1057207584381,774,247.77976632118225,774,248.94889378547668,774,249.63567805290222,774,250.77958750724792,774,251.31951689720154,774,251.86423182487488,774,252.37511086463928,774,252.87690830230713,774,253.33215713500977,774,253.82597088813782,774,254.29095149040222,774,254.81390690803528,774,255.30727982521057,774,255.88330268859863,774,257.05060505867004,774,258.64006304740906,774,259.32346773147583,774,259.88498997688293,774,260.47053503990173,774,260.9782032966614,774,261.7872178554535,774,262.26815247535706,774,262.8968336582184,774,263.38440990448,774,263.8916084766388,774,264.45140981674194,774,264.93334436416626,774,265.62818336486816,774,267.08197927474976,774,267.79533290863037,774,268.39414834976196,774,268.9803750514984,774,269.45276713371277,774,270.1839849948883,774,270.69307470321655,774,271.23257541656494,774,271.7712802886963,774,272.2406327724457,774,273.2441084384918,774,274.8241534233093,774,275.33753395080566,774,275.86808729171753,774,277.39206314086914,774,277.9819140434265,774,278.68465542793274,774,279.2611949443817,774,279.76502299308777,774,280.35474157333374,774,281.0889070034027,774,282.5158574581146,774,283.0040066242218,774,283.49605441093445,774,284.0863950252533,774,284.5952126979828,774,285.1229040622711,774,285.61362290382385,774,287.1132686138153,774,288.1975302696228,774,289.6649088859558,774,290.36106419563293,774,291.0640022754669,774,291.73116755485535,774,292.31784987449646,774,293.65096616744995,774,294.2459352016449,774,294.9562656879425,774,295.4652659893036,774,296.08173990249634,774,297.2337694168091,774,297.7413845062256,774,299.2277090549469,774,299.75229144096375,774,300.13805627822876
1,random graphs/triangle/r1.5k24n16/graph1.lgbin,6585,248.578045129776,748,1622,0,1281,1.8671481609344482,1127,8.220829725265503,1020,9.140947818756104,954,10.148199319839478,894,11.259897947311401,868,12.150505065917969,860,13.308426141738892,847,14.186089754104614,814,14.86950945854187,810,15.748969554901123,785,16.324089765548706,779,17.50923252105713,772,18.334423303604126,772,19.10470700263977,772,19.541316747665405,772,20.083127737045288,772,20.635170936584473,772,21.341603994369507,772,22.39687418937683,770,23.113951206207275,770,23.653398752212524,766,24.527915239334106,766,25.87205219268799,766,26.318631649017334,766,26.813459873199463,766,27.470484495162964,765,28.10749077796936,765,28.842104196548462,765,29.34372568130493,765,29.93942356109619,765,30.4535014629364,765,31.032746076583862,765,32.825183629989624,765,33.33372449874878,765,33.82057070732117,765,34.339112281799316,765,35.062220096588135,765,35.57391357421875,765,36.05644917488098,765,36.54647088050842,765,37.10549712181091,765,38.993693113327026,765,39.64442849159241,765,40.28232932090759,765,40.80121088027954,765,41.29445481300354,765,41.774269342422485,765,42.21099257469177,765,42.6803297996521,765,43.318615198135376,765,43.83342409133911,765,44.420018911361694,765,45.028255462646484,764,45.920265197753906,764,46.52294898033142,760,47.34059143066406,760,47.92224907875061,760,48.5785493850708,760,49.24125576019287,760,49.856192111968994,760,50.36960530281067,759,51.127939224243164,759,51.79649257659912,759,52.25404596328735,759,52.82704544067383,756,53.29396080970764,756,54.038222312927246,755,54.8594012260437,755,55.29682183265686,754,56.06404399871826,754,57.76956653594971,754,58.38587188720703,754,59.02295136451721,754,60.34312677383423,754,61.05134153366089,754,61.60818910598755,754,62.0886492729187,754,62.673776626586914,754,63.19225358963013,754,63.78547024726868,754,64.28597521781921,754,64.90325880050659,754,65.37154984474182,754,66.00964021682739,754,66.6323082447052,754,67.27923250198364,754,67.84021377563477,754,68.3121190071106,754,68.77628517150879,754,69.51187086105347,754,69.99932861328125,754,70.47279047966003,754,71.08938241004944,754,71.60739922523499,754,72.14148879051208,754,73.1120822429657,754,73.74152088165283,754,74.40101623535156,754,75.11455512046814,754,75.68679356575012,754,76.23605036735535,754,76.77952885627747,754,77.37681603431702,754,78.00944638252258,754,78.52200388908386,754,79.14610648155212,754,79.70181632041931,754,80.28576445579529,754,80.88864088058472,754,81.43254590034485,754,81.96093511581421,754,82.6151385307312,754,83.32407140731812,754,83.94902753829956,754,84.6175856590271,754,85.1182451248169,752,85.75971364974976,752,86.22457766532898,751,87.07814598083496,751,87.69238901138306,751,88.23431324958801,751,88.74734330177307,748,89.45233106613159,748,90.11203956604004,748,90.78449010848999,748,91.57998943328857,748,92.02438545227051,748,92.56471514701843,748,93.06894111633301,748,93.67001414299011,748,94.1048936843872,748,94.77475571632385,748,95.35749316215515,748,95.86838436126709,748,96.54555177688599,748,97.11680173873901,748,97.74292230606079,748,99.1689248085022,748,99.65514874458313,748,100.23272204399109,748,101.00985908508301,748,101.46711897850037,748,101.95793867111206,748,103.22078824043274,748,103.79688143730164,748,104.42221283912659,748,105.37234425544739,748,105.83821702003479,748,106.27307105064392,748,106.92488026618958,748,107.92783379554749,748,108.52722549438477,748,109.02261257171631,748,109.58748769760132,748,110.19870018959045,748,110.70588564872742,748,111.2710452079773,748,111.91627740859985,748,112.51289129257202,748,113.14139008522034,748,113.68737411499023,748,114.13481640815735,748,114.7513906955719,748,115.23026895523071,748,115.80617046356201,748,116.46506667137146,748,117.1561427116394,748,117.64392137527466,748,118.20957732200623,748,118.74387907981873,748,119.20433402061462,748,120.7339255809784,748,122.45848798751831,748,123.01655793190002,748,124.56146144866943,748,125.02673125267029,748,125.53907585144043,748,126.04016160964966,748,126.62595677375793,748,127.07327008247375,748,127.65728068351746,748,129.0548985004425,748,129.53546023368835,748,130.31240224838257,748,130.7745430469513,748,131.21489024162292,748,132.26290941238403,748,133.97680354118347,748,134.5413155555725,748,135.1029772758484,748,135.5686423778534,748,136.031676530838,748,136.5090606212616,748,137.90552496910095,748,138.41838145256042,748,139.6600160598755,748,140.2874927520752,748,140.8795280456543,748,141.41359567642212,748,141.86429142951965,748,142.46680974960327,748,142.95117044448853,748,144.6732358932495,748,145.26595377922058,748,145.77832770347595,748,146.32932925224304,748,148.1206877231598,748,148.70048689842224,748,149.22005939483643,748,149.68631768226624,748,150.22196245193481,748,152.75960874557495,748,153.27651524543762,748,153.7966184616089,748,155.57325220108032,748,156.01638436317444,748,156.5163288116455,748,157.2984175682068,748,157.89712238311768,748,158.38145971298218,748,159.90012979507446,748,160.50741910934448,748,160.99214696884155,748,161.5590536594391,748,163.01744484901428,748,163.46943736076355,748,164.91566705703735,748,165.4412910938263,748,165.91148781776428,748,166.57068514823914,748,168.03522038459778,748,168.6022117137909,748,170.12322807312012,748,170.83235669136047,748,171.3472969532013,748,171.9064610004425,748,172.37721872329712,748,172.93914031982422,748,173.62832307815552,748,174.1699342727661,748,174.80317878723145,748,175.26543140411377,748,175.7439751625061,748,176.2328929901123,748,176.70900511741638,748,177.32316970825195,748,177.91381549835205,748,178.3799271583557,748,178.96003794670105,748,179.47680068016052,748,179.962660074234,748,180.39092707633972,748,180.88500595092773,748,181.37476873397827,748,181.98257064819336,748,182.5209379196167,748,183.1517117023468,748,183.85850262641907,748,184.36155581474304,748,184.80973362922668,748,185.36700105667114,748,185.82198333740234,748,186.35190176963806,748,186.87769293785095,748,187.38055396080017,748,187.9212543964386,748,188.61809396743774,748,189.11939430236816,748,189.7270793914795,748,190.3051791191101,748,191.03891897201538,748,193.08615970611572,748,194.7770962715149,748,195.21488761901855,748,195.81979846954346,748,196.29734587669373,748,196.94095063209534,748,197.51687216758728,748,198.55943083763123,748,199.00876808166504,748,199.66209030151367,748,200.61528635025024,748,201.2301163673401,748,201.81084990501404,748,202.3750433921814,748,202.82932209968567,748,203.44259905815125,748,203.9413239955902,748,204.43326926231384,748,204.8893759250641,748,205.4210398197174,748,205.94189262390137,748,206.5955171585083,748,207.13120293617249,748,207.58550429344177,748,208.14683437347412,748,208.62248826026917,748,209.2054159641266,748,209.70059537887573,748,210.5389106273651,748,211.00069904327393,748,211.57994842529297,748,212.0513162612915,748,212.6439175605774,748,213.26256275177002,748,213.74675798416138,748,214.32546019554138,748,214.80400967597961,748,215.29264998435974,748,216.95109295845032,748,217.47436118125916,748,217.99717164039612,748,218.90310192108154,748,219.36203503608704,748,219.97900986671448,748,220.54643654823303,748,222.17275404930115,748,222.7925682067871,748,223.43000769615173,748,224.04501581192017,748,225.54631066322327,748,225.98265099525452,748,226.49713516235352,748,226.9459547996521,748,228.27974486351013,748,229.09060549736023,748,229.59564661979675,748,230.05314326286316,748,230.64921259880066,748,231.17348742485046,748,231.62209153175354,748,232.1324760913849,748,232.65249919891357,748,233.12145519256592,748,233.76307702064514,748,234.39461040496826,748,234.920175075531,748,235.51761317253113,748,236.1349630355835,748,236.6585156917572,748,237.33152842521667,748,238.08939456939697,748,238.6441719532013,748,240.1792061328888,748,240.63565301895142,748,241.30073642730713,748,241.93110728263855,748,242.4768145084381,748,242.91634225845337,748,245.300035238266,748,246.66649174690247,748,247.720698595047,748,248.46805715560913,748,248.984206199646,748,249.42949795722961,748,249.9175021648407,748,250.8360321521759,748,251.50057339668274,748,251.97229504585266,748,252.42719888687134,748,252.9493772983551,748,253.6288230419159,748,254.42132925987244,748,254.9732744693756,748,255.4866132736206,748,257.30908012390137,748,258.0385274887085,748,258.80269861221313,748,259.3174557685852,748,259.90528869628906,748,260.4130003452301,748,260.93810057640076,748,262.20404267311096,748,262.80021929740906,748,263.41404032707214,748,263.9224338531494,748,264.3992130756378,748,264.8973550796509,748,266.3021192550659,748,266.81020402908325,748,267.5782928466797,748,268.17097210884094,748,268.8102333545685,748,269.43791818618774,748,270.13114285469055,748,271.54384303092957,748,271.9991602897644,748,272.55533504486084,748,273.0065984725952,748,273.47935223579407,748,273.9050030708313,748,274.3493342399597,748,275.0448536872864,748,275.5621485710144,748,276.0688099861145,748,276.5600368976593,748,277.30504298210144,748,278.85388374328613,748,279.310444355011,748,280.29030680656433,748,280.80217576026917,748,281.2810866832733,748,281.81216382980347,748,282.4145166873932,748,282.86954164505005,748,284.50604820251465,748,284.9951889514923,748,285.43069672584534,748,285.9039924144745,748,288.26488852500916,748,288.8207938671112,748,289.42094445228577,748,289.91053771972656,748,290.6368851661682,748,291.13325452804565,748,291.81911993026733,748,292.3878450393677,748,293.0018320083618,748,293.48025703430176,748,294.20728611946106,748,294.66797614097595,748,295.34305787086487,748,295.97182989120483,748,296.6385679244995,748,298.2385151386261,748,298.94104051589966,748,299.7409133911133,748,300.13551783561707
2,random graphs/triangle/r1.5k24n16/graph2.lgbin,6585,253.2712287902832,754,1672,0,1288,1.904116153717041,1181,5.305316925048828,1099,6.968506574630737,1033,9.988701343536377,978,11.324494361877441,961,12.556663751602173,939,14.222970008850098,900,15.102898597717285,886,15.788615942001343,884,16.482624769210815,880,17.383865356445312,870,18.331636428833008,868,19.00446319580078,865,19.879661798477173,865,21.196337461471558,865,21.828097343444824,862,23.626507997512817,858,24.255119800567627,854,25.323877811431885,852,25.986369848251343,846,27.609232902526855,846,29.372065782546997,840,31.1788272857666,822,31.986541271209717,822,32.71622943878174,819,33.987351179122925,815,34.62489295005798,807,35.967923641204834,806,36.61509418487549,806,37.13510727882385,805,38.08021903038025,804,38.76670026779175,803,41.36771059036255,803,41.981929302215576,802,42.67099976539612,802,43.623445987701416,800,44.69305920600891,800,45.36971569061279,800,46.83427906036377,800,47.93264818191528,800,49.2348518371582,800,49.821858167648315,796,50.96207284927368,796,51.68174076080322,796,52.63294076919556,796,53.225706815719604,795,53.857259035110474,795,54.42490887641907,795,54.9678099155426,794,56.068199157714844,794,56.61223316192627,794,57.22563719749451,794,58.35983347892761,794,58.94533133506775,794,59.528462648391724,794,60.46171307563782,794,61.13809609413147,794,61.62610936164856,794,63.2006778717041,794,63.80920958518982,794,64.42523741722107,794,65.06061863899231,791,66.41984295845032,790,67.2376594543457,789,67.94620680809021,787,68.61521244049072,786,69.96388411521912,785,70.75669860839844,784,71.37913751602173,784,73.01067471504211,783,74.726895570755,783,75.21718692779541,783,75.75169539451599,783,76.56472325325012,783,77.03004503250122,783,78.63072419166565,783,79.19247269630432,783,79.93141388893127,783,80.46399188041687,783,81.08758115768433,783,81.69937658309937,783,82.28733658790588,783,82.9929769039154,783,83.57931900024414,783,84.13620233535767,783,84.64375686645508,783,85.29409170150757,783,85.79271125793457,783,86.36429047584534,783,86.86494255065918,783,87.38496661186218,783,87.89914417266846,783,89.08694911003113,783,89.61653709411621,783,90.13414883613586,783,90.74510645866394,782,91.97976088523865,782,92.46192526817322,782,93.15128874778748,782,93.91392922401428,782,94.51795530319214,782,95.07292819023132,782,96.20864629745483,782,97.0625958442688,782,97.58528709411621,782,98.04377484321594,782,98.51485323905945,782,99.08008360862732,782,99.61246109008789,782,100.1499571800232,782,100.67163300514221,782,101.7475357055664,782,102.25218152999878,782,102.88106656074524,782,103.50940012931824,782,104.11272811889648,782,104.77337956428528,782,105.99633574485779,782,106.5256450176239,782,107.22322607040405,782,108.02392601966858,782,108.57553815841675,782,109.18143844604492,782,109.81635737419128,782,110.3640124797821,782,111.37582778930664,782,111.86374545097351,782,112.35158848762512,782,112.96628165245056,782,113.47187423706055,782,114.10716009140015,782,114.5813946723938,782,115.09240651130676,779,115.72682976722717,779,116.29651284217834,778,117.01877307891846,778,117.59468793869019,778,119.26753687858582,778,119.74636363983154,778,120.60312843322754,778,123.60924673080444,778,124.10262370109558,777,124.78277015686035,776,125.40721011161804,776,125.91276669502258,776,126.44409370422363,776,127.15375757217407,776,127.7842001914978,776,128.33350729942322,776,128.99030923843384,775,129.55933165550232,774,130.16009283065796,774,130.85675597190857,774,131.59371256828308,774,132.06914281845093,774,132.77678322792053,774,133.4855604171753,774,134.0199773311615,774,134.48930025100708,774,135.0780692100525,774,135.66893982887268,774,136.3452558517456,774,137.0368480682373,774,137.56273365020752,774,138.10592555999756,774,138.69637656211853,774,140.10761857032776,774,140.7012345790863,774,141.1977255344391,774,141.70563197135925,774,142.20409774780273,774,142.83159732818604,774,143.4986960887909,774,144.0547616481781,774,144.56111240386963,773,146.02014446258545,773,146.56741905212402,771,148.47088313102722,771,149.06487774848938,771,149.99293208122253,771,150.59040522575378,771,151.38173580169678,771,152.1822121143341,771,152.9143147468567,771,153.40907406806946,771,154.0831310749054,770,154.86604595184326,770,155.717453956604,770,156.3091413974762,770,156.8108835220337,770,157.32700777053833,770,158.53015875816345,770,159.05477952957153,770,159.5883481502533,770,160.12108969688416,770,161.2606279850006,770,161.82137393951416,770,162.36443901062012,770,162.8781623840332,770,163.40729904174805,770,164.04923009872437,770,164.65175700187683,770,165.1540822982788,769,166.1747806072235,769,166.76943039894104,769,167.28765296936035,769,168.45375084877014,769,169.09008502960205,769,169.6623899936676,768,170.25172567367554,768,171.38492798805237,768,171.89563989639282,768,172.47370553016663,768,173.10435914993286,768,173.64481496810913,768,174.66212916374207,768,176.50390028953552,768,177.0330617427826,768,177.58199667930603,768,178.55226945877075,768,179.68909072875977,768,180.33373045921326,768,180.8714406490326,768,181.44459199905396,768,182.0229856967926,768,182.61888360977173,768,183.70678400993347,768,184.22526025772095,768,185.15785670280457,768,185.77323746681213,768,186.47502303123474,768,187.41343092918396,768,187.94122052192688,768,188.44941401481628,768,188.96481370925903,768,189.69327592849731,768,190.31539821624756,768,190.99613070487976,768,191.53051924705505,768,192.22136044502258,768,192.82274723052979,768,193.42290830612183,768,194.0345435142517,768,194.53352618217468,768,195.56089568138123,768,196.73089480400085,768,197.3900909423828,768,197.85291123390198,768,198.3923556804657,768,200.05310249328613,768,201.0021092891693,768,201.52818536758423,768,202.1140673160553,768,202.62337112426758,768,203.13478827476501,768,203.85307145118713,768,204.53744411468506,768,205.17838382720947,768,206.23815393447876,768,206.70616793632507,768,207.64070534706116,768,208.8956389427185,768,209.41710495948792,768,210.04161477088928,768,210.56696343421936,768,211.15789437294006,766,211.73888301849365,765,212.4019467830658,765,212.88894176483154,765,213.72761225700378,765,214.29451727867126,765,214.82257461547852,765,215.3069839477539,765,215.91195487976074,765,216.61065316200256,765,217.11836576461792,765,217.6248860359192,765,218.59336400032043,765,219.26191473007202,765,219.75756335258484,765,220.37607336044312,765,221.78387928009033,765,222.32785296440125,765,223.04838109016418,765,223.7517249584198,765,224.58947110176086,765,225.1204011440277,765,225.82729077339172,765,226.28261637687683,765,226.84021949768066,765,227.39512085914612,765,227.9484405517578,765,228.60404133796692,765,229.46801805496216,765,229.94716811180115,765,230.46069407463074,765,230.97023510932922,765,232.27311968803406,765,232.81437969207764,765,233.32777762413025,765,233.9192397594452,765,234.5663139820099,765,235.12100553512573,765,235.88420748710632,765,236.4181249141693,765,237.04007697105408,765,237.59633827209473,765,238.3735933303833,765,238.88045716285706,765,240.0311632156372,765,240.554425239563,765,241.0763602256775,765,241.84762382507324,765,242.40550804138184,765,242.9505250453949,765,243.45288562774658,765,244.0681655406952,765,244.56170201301575,765,245.10031938552856,765,245.63007426261902,765,246.1708903312683,765,246.70655012130737,765,247.2046594619751,765,247.6980426311493,765,248.4737114906311,765,249.04905200004578,765,250.8101441860199,765,251.34506392478943,765,252.49506378173828,765,253.06249141693115,765,253.63408851623535,765,254.27600502967834,765,255.4136528968811,765,257.6344075202942,765,258.1624541282654,765,258.7363052368164,765,259.30324244499207,765,259.9590895175934,765,260.53836011886597,765,261.24410581588745,765,261.7473289966583,764,262.75259232521057,764,263.30894923210144,764,264.5057153701782,764,266.46784496307373,764,267.08901929855347,764,268.4836804866791,763,269.5068073272705,763,270.0187613964081,762,270.6875994205475,761,271.23611664772034,761,271.9465844631195,761,272.5787773132324,761,273.1025161743164,761,273.6067337989807,761,274.20808124542236,761,274.92696833610535,761,275.5671215057373,761,276.1843957901001,761,276.679888010025,761,277.34974455833435,761,277.9322373867035,761,278.5901470184326,761,279.38291907310486,761,280.56815791130066,761,281.4081687927246,761,282.4140577316284,761,283.2479724884033,761,283.83361291885376,761,284.76651215553284,761,285.3572573661804,761,285.893346786499,761,286.44812846183777,761,287.0082678794861,761,287.51892137527466,761,288.25230169296265,758,289.06337308883667,757,289.86837935447693,757,290.47195863723755,757,291.2662172317505,756,291.89304876327515,756,292.5614290237427,756,295.4184339046478,755,296.6678669452667,755,297.1224422454834,754,297.5780246257782,754,298.1094379425049,754,298.59627079963684,754,299.13382935523987,754,299.6256070137024,754,300.1256365776062
3,random graphs/triangle/r1.5k24n16/graph3.lgbin,6585,238.78902435302734,751,1682,0,1331,6.024466037750244,1166,11.31205677986145,1033,12.949004173278809,956,13.729083061218262,936,14.774226188659668,918,16.08656096458435,898,17.34720778465271,865,17.98753809928894,854,18.47717571258545,850,19.010921239852905,837,20.193413734436035,829,21.341280937194824,819,22.458113431930542,806,23.088911533355713,796,23.671926736831665,793,24.328108549118042,792,24.82943105697632,792,25.302489519119263,792,26.019701957702637,792,26.474329948425293,792,27.724164485931396,792,28.335033655166626,792,28.795258283615112,789,29.393831968307495,786,30.399173736572266,786,30.96481966972351,786,31.507063388824463,786,32.00714659690857,786,32.65411949157715,786,33.14971160888672,786,34.40893912315369,786,35.02456617355347,786,35.476970911026,786,35.9934298992157,785,37.007057666778564,785,37.55346131324768,785,38.05050992965698,785,38.71439266204834,785,39.16656255722046,785,39.722078800201416,785,40.67554950714111,785,41.16517162322998,785,41.688857555389404,780,42.3567008972168,778,42.849096059799194,774,43.492697954177856,773,44.1077516078949,773,44.75730752944946,773,45.32409620285034,773,45.808459758758545,773,46.24282455444336,770,47.24341154098511,770,48.36579513549805,770,48.935529947280884,770,50.21393966674805,770,50.68127965927124,770,51.29106783866882,770,51.83170294761658,770,52.29914140701294,770,53.00940442085266,770,53.48247981071472,770,54.63892650604248,770,55.09739136695862,770,55.5799925327301,770,56.03985834121704,770,56.57493734359741,770,57.252997636795044,770,57.70162057876587,767,58.28465461730957,767,58.7636284828186,767,59.25561332702637,766,59.711665630340576,766,60.82936906814575,766,61.559699296951294,766,62.03286552429199,766,63.232279777526855,766,63.904123067855835,766,64.44984340667725,766,64.88029789924622,766,65.68150401115417,766,66.1936867237091,766,66.65415287017822,766,67.09540033340454,766,68.01428318023682,766,69.03352451324463,766,69.49591302871704,766,70.02908110618591,766,70.51274824142456,766,71.01632595062256,766,71.53910779953003,766,71.99977135658264,766,72.50615739822388,766,73.26450991630554,766,73.74082899093628,766,74.27011775970459,766,75.70727467536926,764,76.95119547843933,763,77.85125756263733,762,78.39642548561096,761,79.45388174057007,761,79.90674042701721,760,80.47165036201477,760,80.99106454849243,760,81.47164297103882,760,81.95456385612488,760,82.41672229766846,760,82.88602042198181,760,83.33586239814758,760,83.86574912071228,760,84.35940885543823,760,84.83717155456543,760,85.33200120925903,760,85.8372905254364,760,86.96941018104553,760,87.5155177116394,760,87.98196244239807,760,88.5468430519104,760,89.4688708782196,759,90.20460391044617,759,90.74476623535156,759,91.23715162277222,759,91.75054812431335,759,92.23613119125366,759,92.9370629787445,759,93.47628450393677,759,94.05981254577637,759,94.53213286399841,759,95.55412650108337,759,96.01501679420471,759,96.56122732162476,759,97.46722483634949,759,98.03436756134033,759,98.59601664543152,759,99.56481504440308,759,100.07897186279297,759,100.54733562469482,759,101.02766799926758,759,101.57365822792053,759,102.03369188308716,759,103.15747499465942,759,104.09303045272827,758,105.17366242408752,758,105.86806869506836,758,107.05380606651306,758,107.5161759853363,758,108.57181811332703,758,109.7344274520874,758,110.32814526557922,758,110.8033995628357,751,111.95278120040894,751,112.58005356788635,751,113.03335046768188,751,113.51986598968506,751,114.106698513031,751,114.62532424926758,751,115.1484797000885,751,115.64700627326965,751,116.17175793647766,751,116.63552355766296,751,117.31495404243469,751,117.80192947387695,751,118.4471344947815,751,118.89264845848083,751,119.36467289924622,751,119.90301823616028,751,120.46150231361389,751,120.92010569572449,751,121.41894221305847,751,121.89186072349548,751,122.44490122795105,751,122.94059133529663,751,123.43848156929016,751,123.88679432868958,751,124.34245085716248,751,124.89216184616089,751,125.43503475189209,751,125.93316292762756,751,126.34989762306213,751,126.854083776474,751,127.36522197723389,751,128.04802131652832,751,128.57009482383728,751,129.02148342132568,751,129.5051109790802,751,129.97370886802673,751,130.41952085494995,751,130.8578224182129,751,131.3611466884613,751,131.85619187355042,751,132.48421144485474,751,132.98130249977112,751,133.5000524520874,751,134.20953941345215,751,134.66585063934326,751,135.13951230049133,751,135.60302257537842,751,136.070547580719,751,136.65454506874084,751,137.08525967597961,751,137.55188369750977,751,138.00203347206116,751,138.484304189682,751,139.0294771194458,751,139.51759219169617,751,140.76172876358032,751,141.25566625595093,751,141.74021577835083,751,142.35166215896606,751,142.8174011707306,751,143.47679448127747,751,143.96628737449646,751,144.56870484352112,751,145.03494715690613,751,145.55100393295288,751,146.01808524131775,751,146.47822427749634,751,146.946537733078,751,147.54939675331116,751,148.171368598938,751,148.61649465560913,751,149.12961888313293,751,149.60179042816162,751,150.14744877815247,751,150.6002118587494,751,151.01734042167664,751,151.52906131744385,751,151.96676087379456,751,152.45008420944214,751,152.92339444160461,751,153.42478036880493,751,153.93926978111267,751,154.38908100128174,751,154.88268208503723,751,155.3775851726532,751,155.8511607646942,751,156.31275701522827,751,156.7563030719757,751,157.21627497673035,751,157.73095846176147,751,158.18328285217285,751,158.69114804267883,751,159.13018131256104,751,159.65961003303528,751,160.17845368385315,751,160.69201636314392,751,161.17030358314514,751,161.65524053573608,751,162.1199333667755,751,162.7985737323761,751,163.3352427482605,751,163.8210027217865,751,164.31968069076538,751,164.78829646110535,751,165.24139952659607,751,165.71005249023438,751,166.2179877758026,751,166.733478307724,751,167.20197010040283,751,167.62945365905762,751,168.09515404701233,751,168.59422087669373,751,169.05188274383545,751,169.49561667442322,751,169.95284390449524,751,170.50198030471802,751,171.06975197792053,751,171.6127438545227,751,172.05828976631165,751,172.55433249473572,751,173.10269141197205,751,173.58617687225342,751,174.07797265052795,751,174.57675552368164,751,175.0686228275299,751,175.5298948287964,751,175.98568153381348,751,176.4605622291565,751,176.96376204490662,751,177.43847036361694,751,177.95009756088257,751,178.60220408439636,751,179.2568724155426,751,179.69292831420898,751,180.13888597488403,751,180.59531331062317,751,181.04249930381775,751,181.54687476158142,751,182.16945433616638,751,182.62205147743225,751,183.084157705307,751,183.57948660850525,751,184.04630422592163,751,184.51513266563416,751,184.97703337669373,751,185.43890380859375,751,185.93690609931946,751,186.43564772605896,751,186.92363286018372,751,187.4282567501068,751,187.85952401161194,751,188.27777099609375,751,188.7613604068756,751,189.2536416053772,751,190.3177843093872,751,191.03773713111877,751,191.5768642425537,751,192.3257818222046,751,192.8434362411499,751,193.38249611854553,751,193.82436776161194,751,194.28129935264587,751,194.76267194747925,751,195.25997877120972,751,195.66422128677368,751,196.16390681266785,751,196.65074515342712,751,197.12087559700012,751,197.61458253860474,751,198.0909583568573,751,198.75432872772217,751,199.2347593307495,751,200.24744653701782,751,200.71427154541016,751,201.18030452728271,751,201.64418148994446,751,202.12954926490784,751,202.58938074111938,751,203.1193721294403,751,203.62807655334473,751,204.22840332984924,751,204.69489884376526,751,205.15172576904297,751,205.62851238250732,751,206.08905506134033,751,206.98766469955444,751,207.49240636825562,751,207.98956608772278,751,208.45250177383423,751,208.94359397888184,751,209.38266968727112,751,209.8389856815338,751,210.30411505699158,751,210.80127716064453,751,211.31438899040222,751,211.75649285316467,751,212.19641208648682,751,212.8647804260254,751,213.32697463035583,751,213.78363585472107,751,214.41180777549744,751,214.9069585800171,751,215.43981194496155,751,215.9429223537445,751,216.40625882148743,751,216.91963934898376,751,217.36382508277893,751,217.83084225654602,751,218.32370138168335,751,218.79017043113708,751,219.27502250671387,751,219.83017539978027,751,220.34229803085327,751,220.8292019367218,751,221.347234249115,751,221.9356336593628,751,222.39425778388977,751,222.84339356422424,751,223.30437707901,751,224.57749915122986,751,225.09401154518127,751,225.59684419631958,751,226.06470656394958,751,226.67349529266357,751,227.1752119064331,751,227.6673562526703,751,228.10141611099243,751,228.63832926750183,751,229.06125235557556,751,229.52458024024963,751,230.10141706466675,751,230.59497928619385,751,231.06109142303467,751,231.53997492790222,751,232.02153491973877,751,232.50350880622864,751,233.02107739448547,751,233.44364595413208,751,233.921044588089,751,234.38662242889404,751,234.92477798461914,751,235.38978791236877,751,235.87196016311646,751,236.44039273262024,751,236.9642288684845,751,237.4946801662445,751,237.9391119480133,751,238.39461827278137,751,238.86359214782715,751,239.46200966835022,751,239.89249277114868,751,240.33452939987183,751,240.79945755004883,751,241.32833766937256,751,241.8156340122223,751,242.2863085269928,751,242.7416660785675,751,243.1947386264801,751,243.7246630191803,751,244.21610617637634,751,244.70646500587463,751,245.21658182144165,751,245.6860101222992,751,246.21531438827515,751,246.6670858860016,751,247.07743096351624,751,247.54529666900635,751,248.066232919693,751,248.56948375701904,751,249.65695095062256,751,250.14200520515442,751,250.59733128547668,751,251.11388754844666,751,251.61605525016785,751,252.09213948249817,751,252.5455870628357,751,253.00277256965637,751,253.51863932609558,751,253.9962613582611,751,254.50855803489685,751,254.99065327644348,751,256.10220646858215,751,256.5271065235138,751,257.097039937973,751,257.6036398410797,751,258.0989408493042,751,258.59363198280334,751,259.11489391326904,751,259.58401346206665,751,260.01849842071533,751,260.4340982437134,751,261.05150604248047,751,261.5122067928314,751,261.97538232803345,751,262.4410967826843,751,262.882315158844,751,263.337286233902,751,263.8501887321472,751,264.3372528553009,751,264.80496883392334,751,265.2595512866974,751,266.0719680786133,751,266.5849792957306,751,267.0737638473511,751,267.5327835083008,751,268.3755474090576,751,268.8873372077942,751,269.4013240337372,751,269.8475410938263,751,270.4199514389038,751,271.04794335365295,751,271.55018973350525,751,272.07406282424927,751,272.5717062950134,751,273.0316116809845,751,273.4724395275116,751,273.94223046302795,751,274.3959412574768,751,274.90718817710876,751,275.38187408447266,751,275.84098982810974,751,276.30604243278503,751,276.91305780410767,751,277.41324853897095,751,277.8612151145935,751,278.34090662002563,751,278.84312176704407,751,279.3413715362549,751,279.81813406944275,751,280.306360244751,751,281.4750266075134,751,282.0018992424011,751,282.4775698184967,751,282.974897146225,751,283.596821308136,751,284.0603725910187,751,284.5432209968567,751,284.99893283843994,751,285.45471715927124,751,285.8689274787903,751,286.5068483352661,751,286.98151087760925,751,287.4604833126068,751,288.55608201026917,751,289.0161807537079,751,289.46848034858704,751,289.93294167518616,751,290.4664497375488,751,291.0444223880768,751,291.5168125629425,751,292.0413177013397,751,292.5420162677765,751,293.00691390037537,751,293.5024335384369,751,294.00211238861084,751,294.48784923553467,751,295.043897151947,751,295.5315411090851,751,296.00845170021057,751,296.50747895240784,751,297.01308822631836,751,297.52193307876587,751,297.9813542366028,751,298.49396872520447,751,299.5134062767029,751,299.9783272743225,751,300.1250433921814
4,random graphs/triangle/r1.5k24n16/graph4.lgbin,6585,255.95233988761902,844,1770,0,1448,1.791126012802124,1264,3.350907564163208,1167,4.642488956451416,1090,5.79845666885376,1049,7.117594957351685,973,7.8324785232543945,966,8.686404466629028,951,9.742005586624146,950,10.782317638397217,943,11.420678615570068,940,12.620594024658203,939,13.664354801177979,938,14.309638977050781,932,15.593489170074463,928,16.685078382492065,925,17.419762134552002,925,18.543359518051147,924,19.132227897644043,923,19.682954788208008,920,20.92766833305359,915,21.59108567237854,914,22.866851091384888,913,24.120519638061523,913,25.383333444595337,900,26.15575098991394,895,27.283584594726562,895,27.766704320907593,895,28.582186460494995,890,29.849814414978027,887,30.965054273605347,885,32.17815566062927,883,33.81772518157959,883,34.370863914489746,881,35.540096282958984,881,36.036858797073364,881,37.13325786590576,880,37.81000232696533,880,38.37423777580261,880,38.93263578414917,880,39.9280059337616,877,40.67465686798096,873,41.98781085014343,872,42.8887734413147,871,44.039283752441406,871,44.56891489028931,871,45.11376190185547,871,45.67674708366394,867,46.33792233467102,867,46.93591928482056,864,48.08443641662598,862,48.79589009284973,862,49.948020219802856,861,51.060627460479736,861,51.58858609199524,861,52.686073541641235,861,53.27813172340393,861,53.7640860080719,861,54.43453073501587,861,55.01356244087219,860,55.596240758895874,860,56.137219190597534,860,57.1377432346344,860,57.79031467437744,860,58.87106990814209,860,59.41642093658447,860,60.07001566886902,860,60.591949701309204,860,61.12680125236511,860,61.9900803565979,860,62.517791509628296,860,63.158132553100586,860,63.60943603515625,860,64.7454788684845,858,65.99119114875793,858,67.16045618057251,858,68.24743628501892,858,68.77522373199463,858,69.36836338043213,858,69.94314074516296,858,71.10155534744263,858,72.21935272216797,858,72.99904227256775,858,74.3222107887268,858,74.79448103904724,858,76.0412654876709,857,76.65836644172668,857,77.23299169540405,857,78.3795976638794,857,78.9049334526062,857,79.92599487304688,855,80.5853819847107,855,81.67852854728699,855,82.38499569892883,855,83.12197804450989,855,83.95044541358948,855,84.47660827636719,855,85.01727795600891,855,85.6008632183075,855,86.18758344650269,855,87.50928044319153,855,88.196781873703,855,89.28182649612427,855,90.28758382797241,855,91.6110110282898,855,92.14852929115295,855,93.46360445022583,855,94.35202097892761,855,94.8547739982605,855,95.36954808235168,855,95.95070362091064,855,96.91339659690857,855,97.41873121261597,855,98.7214024066925,855,100.03538870811462,855,101.10746812820435,854,101.71407961845398,853,102.9770131111145,850,103.61084055900574,847,104.99472880363464,845,106.26436424255371,845,106.73972940444946,844,107.49288058280945,844,108.1463189125061,844,108.6488676071167,844,109.15174698829651,844,109.67396640777588,844,110.37011742591858,844,110.98346829414368,844,111.52482223510742,844,112.61505246162415,844,113.51792430877686,844,114.54991126060486,844,115.25726318359375,844,115.77940654754639,844,116.93261051177979,844,117.62132167816162,844,118.18911051750183,844,118.79301452636719,844,119.24662590026855,844,119.77408242225647,844,120.82718801498413,844,121.96677851676941,844,123.03061318397522,844,123.53612327575684,844,124.56616353988647,844,125.71939444541931,844,126.37616300582886,844,127.54944229125977,844,128.33042073249817,844,128.8691303730011,844,129.369934797287,844,130.5489218235016,844,131.644038438797,844,132.86722540855408,844,133.378169298172,844,134.57094740867615,844,136.07054042816162,844,136.7390739917755,844,138.0430405139923,844,139.1427309513092,844,139.64191460609436,844,140.3373703956604,844,141.6846308708191,844,142.22533512115479,844,142.75209498405457,844,143.29219365119934,844,143.75001287460327,844,144.26632356643677,844,144.87395238876343,844,146.00439453125,844,147.1938238143921,844,147.717866897583,844,148.7795422077179,844,149.45009994506836,844,150.5115349292755,844,150.9920847415924,844,151.49884152412415,844,152.0404462814331,844,152.55992317199707,844,153.07012104988098,844,153.85025119781494,844,154.4028992652893,844,154.89565658569336,844,155.3700680732727,844,156.0634481906891,844,156.60448455810547,844,157.79590153694153,844,158.40874671936035,844,158.96563696861267,844,160.1872684955597,844,160.6962718963623,844,161.21127557754517,844,161.93333387374878,844,162.45860123634338,844,163.22520995140076,844,163.79290318489075,844,164.8917100429535,844,165.99811005592346,844,166.5193808078766,844,167.421639919281,844,169.46961188316345,844,170.5776207447052,844,171.60243391990662,844,172.07861971855164,844,172.57641434669495,844,173.11634945869446,844,174.46551728248596,844,175.70641613006592,844,176.7334418296814,844,177.9333255290985,844,179.05733251571655,844,180.0586097240448,844,180.62418174743652,844,181.83128237724304,844,182.98346090316772,844,183.9897689819336,844,185.2488603591919,844,186.36208987236023,844,187.55776000022888,844,188.18533396720886,844,189.21771693229675,844,189.72093057632446,844,190.91245317459106,844,191.42230463027954,844,191.96474862098694,844,192.59897541999817,844,193.79953360557556,844,194.30109882354736,844,194.79984259605408,844,195.27524256706238,844,195.76673293113708,844,197.32443976402283,844,197.85397934913635,844,198.36746835708618,844,198.821928024292,844,199.91485238075256,844,200.57881450653076,844,201.09440636634827,844,202.15180015563965,844,203.28973531723022,844,204.4646339416504,844,205.45791339874268,844,206.10841345787048,844,206.62429666519165,844,207.8506498336792,844,208.38035655021667,844,208.86988878250122,844,209.93209314346313,844,210.6247673034668,844,211.6798665523529,844,212.94449877738953,844,213.44127440452576,844,213.94749546051025,844,214.46544313430786,844,215.1702950000763,844,215.64012718200684,844,216.85135984420776,844,217.33918857574463,844,218.39933729171753,844,219.52482962608337,844,220.52603363990784,844,221.62701797485352,844,222.14456415176392,844,222.76267266273499,844,223.2630774974823,844,223.79584884643555,844,224.4439036846161,844,224.9483938217163,844,225.47535729408264,844,226.71833515167236,844,227.31689167022705,844,228.39793992042542,844,229.7062268257141,844,230.19646334648132,844,230.7231092453003,844,231.2286412715912,844,231.7119584083557,844,232.85902452468872,844,233.46957421302795,844,234.07735657691956,844,234.7447545528412,844,235.36554980278015,844,236.7518322467804,844,237.8105399608612,844,238.8776035308838,844,239.900306224823,844,240.3868944644928,844,240.86432552337646,844,241.4523208141327,844,242.22293901443481,844,242.71898078918457,844,243.75008702278137,844,244.9433822631836,844,245.95159888267517,844,246.8044102191925,844,247.32131695747375,844,247.86052465438843,844,248.38655877113342,844,248.95517230033875,844,249.47400665283203,844,250.47395968437195,844,251.1201012134552,844,252.19567036628723,844,252.68276715278625,844,253.6230766773224,844,254.12353658676147,844,254.81590676307678,844,255.29500246047974,844,256.35069513320923,844,257.5684871673584,844,258.224488735199,844,259.5076470375061,844,259.9627139568329,844,260.6390037536621,844,261.1456208229065,844,262.43439984321594,844,263.02580881118774,844,264.17802119255066,844,264.67826199531555,844,265.16956973075867,844,265.80993127822876,844,267.18483686447144,844,267.6715569496155,844,268.71069073677063,844,269.83361077308655,844,270.3802680969238,844,271.39729022979736,844,271.9132037162781,844,273.763072013855,844,274.97152638435364,844,275.5166234970093,844,276.15876960754395,844,276.66219878196716,844,277.16267943382263,844,277.77149772644043,844,278.78103160858154,844,279.95326495170593,844,280.46324253082275,844,281.4355659484863,844,282.4859993457794,844,283.65445828437805,844,284.6720447540283,844,285.2668068408966,844,285.9062080383301,844,286.38479948043823,844,287.61797046661377,844,288.24072313308716,844,289.5467631816864,844,290.29210448265076,844,290.8206386566162,844,291.2942404747009,844,291.9597063064575,844,292.66555738449097,844,293.26614141464233,844,293.7649483680725,844,294.3670463562012,844,295.56266355514526,844,296.0987207889557,844,297.30478525161743,844,298.8247516155243,844,299.9074957370758,844,300.12804102897644
